-0.06300358 1.48144212 1.4948023 1.95386019 1.19226509 1.59328454 0.77783727 0.36195821
-0.10488601 2.13067011 2.12703255 2.3227839 1.87292615 2.3054775 1.44535069 0.54489087
0.45910902 1.89191627 1.27013275 1.83364984 1.05963506 1.35735561 0.69574103 0.81212395
0.27616794 1.21037118 1.04621438 1.58404476 0.96083692 1.09295451 0.57939711 0.35159458
0.16617483 0.90158925 0.85620153 1.34349922 0.9327004 0.95892205 0.59219171 0.12906245
0.05647211 0.64398083 0.70885303 1.22956821 0.73148206 0.68112798 0.39519612 -0.06265011
0.08265709 0.75365871 0.95720251 1.37185662 1.03345846 1.00229994 0.49200119 -0.16141374
0.16826422 0.74790275 0.9592069 1.35282762 1.12418404 1.14314044 0.69800804 -0.13058113
0.29066835 0.61790501 0.88757018 1.24208193 1.00930338 1.04280178 0.71447297 -0.17704707
0.16297703 0.39974233 0.45880728 1.03747273 0.59719562 0.61458797 0.27765631 -0.06175141
0.05245632 0.16923942 0.1657672 0.69421238 0.1740647 0.18506584 -0.02994332 -0.22916827
0.29724695 0.42312955 0.19596452 0.64735228 0.14895122 0.14657853 -0.10718076 0.13466483
0.30556398 0.47777749 0.19629714 0.66476676 0.13417296 0.09134851 -0.18197632 0.20833223
0.28333183 0.16889438 0.13083783 0.53475486 0.07198234 -0.06214007 -0.32668985 -0.14462745
0.25315196 0.26220187 0.02243892 0.5534421 -0.0353702 -0.01999442 -0.53608942 0.17837
0.2242291 0.62887316 0.2869398 0.99288054 0.2550196 0.30455612 -0.12799644 0.33819531
0.1792983 0.40712022 -0.2417669 -0.25625927 -0.11339953 -0.10743929 -0.1267157 0.32504234
0.39119364 0.73813009 -0.06886337 0.33382317 -0.06044726 0.09262657 -0.02152073 0.85245158
0.67492599 0.97751356 -0.02109037 0.46220663 -0.05056506 0.16441755 -0.08336475 0.98385056
0.8467227 1.58381015 0.38161836 0.89320652 0.17694834 0.71495425 0.31430221 1.3188564
0.43958199 0.75832308 0.09594726 0.48893324 0.15226172 0.54542538 0.42025115 0.44668871
0.17102137 0.43280749 -0.11738714 0.42046081 0.050083 0.51610514 0.45812656 0.30303709
0.60352232 1.00224985 0.05997507 0.61432671 0.02643326 0.5261863 0.44234494 1.14171286
0.11485374 0.48980426 -0.07693349 0.43956548 -0.08902296 0.15554967 0.14290944 0.42910445
-0.00264008 0.57741668 -0.13187023 0.43448979 -0.30023383 0.14264157 -0.23049021 0.87766394
-0.00131622 0.71907825 0.1137201 0.76754147 0.01138267 0.35616553 0.03485445 0.59992315
-0.08625931 0.28673616 0.04541499 0.55795657 0.03182197 0.1953708 0.15947084 -0.08155194
0.14234369 0.39289863 -0.0303626 0.29443242 -0.11532135 0.09720825 0.02822718 0.43603552
0.16621914 0.40033122 -0.05859908 0.100759 -0.19346339 -0.08045066 -0.27195708 0.55648336
0.32511774 0.83889674 0.09169237 0.59069524 0.0086122 0.14830125 0.12850529 0.94308555
0.50201691 0.92846493 0.06869022 0.77050506 0.14319813 0.22791207 -0.01560462 0.90974385
0.15928203 0.60159993 -0.11219333 0.67882824 0.11032498 0.11841734 -0.10499292 0.61484517
-0.14273525 0.14091157 0.17838031 -0.60207123 0.06613253 0.09777344 -0.61817825 -0.20499593
-0.53555896 0.16768953 0.04214856 -1.02992857 0.03185616 0.12868594 -0.52843375 -0.39931828
-0.54572591 0.08301144 -0.04941901 -0.99305871 -0.04019937 0.11965191 -0.39937078 -0.49652033
-0.37002697 0.08858298 -0.05873201 0.00546338 -0.18679885 0.07921474 -0.23409854 -0.04511349
-0.17167654 0.34304398 0.01283718 0.12998051 -0.18988172 0.08887244 -0.24866237 0.40529679
0.01981238 0.29853685 -0.01191684 -0.19174766 -0.2704969 -0.01774024 -0.36511063 0.47676088
0.26070997 0.59074683 -0.06082775 0.053547 -0.3650574 -0.0241091 -0.38998479 0.97649385
0.14070171 0.58775004 -0.07868121 0.16916803 -0.34791087 -0.02796312 -0.34903199 0.87196037
-0.11233026 0.35391695 -0.02774236 0.12076533 -0.31155497 -0.03930322 -0.38561469 0.47376738
0.03283057 0.82687582 0.01475249 0.64477012 -0.25162043 0.17455773 -0.46088687 1.03324468
0.15704699 0.76175139 0.15997291 0.71749112 -0.02571178 0.25214074 -0.12363548 0.73250835
0.22293251 0.59356141 0.16413127 0.61778479 0.04159304 0.19107562 0.19119575 0.50542746
0.26126308 0.89958943 0.46106281 0.84714322 0.19176235 0.46696703 0.39384628 0.71729581
0.21579135 0.9486665 0.37736622 0.779502 0.04752342 0.42435543 0.28169083 0.82752877
0.34014819 1.25695746 0.46165981 1.10153591 0.22353178 0.52101236 0.24060456 1.03858004
0.14368437 0.70701885 0.40588469 0.99358915 0.35391934 0.44670117 0.30014938 0.28891208
-0.53297793 0.48911926 -0.11950641 -1.72427376 0.20008995 0.2653523 -0.52593341 -0.55047614
-1.02020855 0.63722442 -0.12010056 -2.04882473 0.3384654 0.3247514 -0.67605916 -0.98305069
-0.92194386 0.58964741 -0.2322671 -1.93822904 0.28860611 0.28389721 -0.56654476 -0.84018664
-0.35440741 0.35665295 -0.25562349 -1.68406976 0.07796902 0.05402762 -0.45581268 0.06423065
0.04902872 0.27112757 -0.1919964 -1.15035585 0.01007343 -0.07416288 -0.19322497 0.22786809
-0.00015188 0.2386756 -0.12756653 -1.0857518 0.02900727 -0.01928696 -0.24069917 0.10089859
-0.03505162 0.28506089 -0.12944629 -1.31097381 0.02405973 0.01008711 -0.42355596 0.09071427
-0.09055234 0.30032575 -0.07159482 -1.36617578 0.07544502 0.11985803 -0.5682131 -0.07332465
-0.11712282 0.3081368 -0.26931736 -1.47111165 0.06086008 0.10520025 -0.38696538 -0.0930231
-0.30376445 0.34315589 -0.36077739 -1.5202754 0.0604628 0.08774454 -0.31554595 -0.23685911
-0.31860148 0.36236496 -0.18769007 -1.5894462 0.05948434 0.10088945 -0.52091086 -0.25274792
0.05441608 0.31512075 -0.05477624 -1.38712082 -0.0067391 0.00356326 -0.65204125 0.13383451
0.04080488 0.29637034 0.02740613 -1.5205797 0.04835422 0.08385186 -0.83076113 0.0902693
0.21607228 0.30674781 -0.04906674 -1.66965661 -0.12037234 -0.10125799 -0.82203296 0.46400675
0.09265749 0.32637448 0.095373 -1.57337095 -0.10180171 -0.13045013 -1.016436 0.43566673
0.26746646 0.30912847 0.13541795 -1.4585168 -0.06917643 -0.12920722 -1.05695429 0.5274515
-0.84170095 -0.10483315 -0.35619074 -0.12672156 -0.12945529 0.20064523 0.19405388 -1.06359425
-0.73015107 -0.05360953 -0.36424701 0.14668372 -0.12100677 0.23598796 0.33738147 -0.88857061
-0.64186679 0.04674582 -0.33002438 0.20292204 -0.1360362 0.20038705 0.40557424 -0.67112236
-0.46436188 0.10604555 -0.151715 0.00973717 -0.08829548 0.19276107 0.17580625 -0.44674514
-0.49006614 -0.00501871 -0.1124764 -0.1949495 -0.05984393 0.19250595 0.06374595 -0.65652272
-0.45389417 -0.10221487 -0.11908542 0.40718907 0.03957991 0.33696005 0.24187839 -0.52661419
-0.6835857 -0.07648383 -0.30547231 -0.16775761 -0.02259111 0.2729483 0.25381784 -0.97096185
-0.56458087 -0.12100486 -0.33169266 0.44001188 0.01473057 0.46132288 0.25144533 -0.69057256
-0.34854897 -0.09968141 -0.19308004 0.42632319 0.16408001 0.43867899 0.1956862 -0.62957543
-0.35990344 -0.00796857 -0.12650363 0.43159836 0.08611993 0.31381525 0.09086607 -0.48747687
-0.43484351 0.04046219 -0.12217621 0.46445329 -0.01484672 0.34515272 0.0947193 -0.29565842
-0.5474266 -0.06888798 -0.17636118 -0.30025057 -0.01850523 0.20719826 0.00777361 -0.65594609
-0.31176999 -0.00699189 -0.06103898 0.52741386 0.03561205 0.34734454 -0.10314059 0.10263098
-0.17361838 0.03798203 -0.00239921 0.11656595 0.05235373 0.26242996 -0.17698159 -0.04385312
-0.30658498 0.05875178 -0.09438645 -0.39360094 0.02790366 0.18691787 -0.00034163 -0.57132786
-0.25833963 0.02447005 -0.04107463 0.17556526 0.0806539 0.35990711 0.04179473 -0.37135459
0.30271584 0.40056328 0.10010644 0.63910673 0.33121791 0.3438443 0.18372674 -0.11792071
0.13775783 0.20438824 0.03310972 0.60608791 0.29021386 0.22562368 0.02834226 -0.31236877
-0.01286463 0.03135737 0.06949079 0.63049662 0.35876268 0.2223101 0.01650002 -0.59985414
-0.25420319 -0.01655606 -0.06896868 -0.011306 0.12364816 -0.02040767 -0.0997632 -0.91795946
-0.12232623 0.12954997 -0.07626886 -0.18548406 0.05031056 -0.09250079 -0.14068514 -0.65052813
-0.13541124 0.13675656 -0.0552095 -0.03749928 0.0208249 -0.00925418 -0.12988388 -0.48816056
0.13330294 0.27056835 -0.0486597 0.29126872 0.09351246 0.15774032 0.12519861 -0.30322044
0.19908648 0.353517 -0.00980936 0.35637071 0.06240555 0.20501526 0.09819493 -0.10497793
0.18362872 0.32344087 -0.02294157 0.4470663 0.08657611 0.24345847 -0.20784503 0.02881201
0.24065753 0.33172882 0.14296509 0.7096667 0.41878633 0.45643008 -0.00531737 -0.20209455
0.08148055 0.37491016 0.43114932 0.93969653 0.66272935 0.55757631 0.20420893 -0.24009231
0.06729905 0.55190911 0.5957796 1.07513888 0.71467083 0.60088269 0.15363148 -0.22665196
0.10068078 0.93221031 0.745722 1.23578728 0.70360711 0.81909011 0.29000363 0.16926127
0.21931599 1.28958221 0.92956652 1.3847866 0.84797218 1.01209327 0.44870199 0.44510986
0.08868707 0.63432767 0.21180178 0.73527646 0.11303652 0.26468197 -0.33371873 0.19215155
-0.02001953 0.38837735 0.05821989 0.50635891 -0.06730259 0.08664198 -0.36937689 0.0444614
-0.02421869 0.15831215 -0.15878845 0.00906852 0.07761328 0.11621737 0.09707526 -0.1398127
0.13929078 0.21279651 -0.0786159 0.22566781 0.14220377 0.16759139 0.03542808 -0.03943137
-0.03124456 0.14483778 -0.07700561 -0.51035395 0.12510133 0.16096698 -0.07535543 -0.39925239
-0.04829474 0.1501707 -0.09259324 -0.70945373 0.13666227 0.18062736 -0.1180019 -0.29307501
