11111111110100101101 00000101111000001000 00000101111100010001 00000111111000011100 00000100111100000110 00000110010111100100 00000011001010010110 00000001011011001001
11111111011100101100 00001000011010011010 00001000011010100000 00001001010010110000 00000111011101010010 00001001000110010000 00000101101111111101 00000010001001010000
00000001111001000010 00000111100011101100 00000101010000110111 00000111010011011101 00000100010111111000 00000101011010111111 00000010101110001000 00000011010000010011
00000001001001000110 00000100110010011011 00000100010001110011 00000110011001001101 00000011111011000000 00000100010111000010 00000010010011010100 00000001010111000110
00000000101100001001 00000011100111010010 00000011011101010100 00000101011000011101 00000011110100011100 00000011110100010101 00000010011000001111 00000000100000011011
00000000001110011100 00000010101000101001 00000010111001010010 00000100111011000100 00000010111110000100 00000010101110010111 00000001101000100010 11111111110000000000
00000000010101001011 00000011000101111000 00000011110011111010 00000101011111010011 00000100010000100010 00000100000000001110 00000001111111101101 11111111010101111001
00000000100111000010 00000011000001000100 00000011110010001000 00000101011010010110 00000100100101110001 00000100100100000110 00000010110101011011 11111111011110010010
00000001001001101111 00000010100011000001 00000011011111111101 00000100111110000000 00000100000111111110 00000100001010000111 00000010111001100001 11111111010010010010
00000000101000010001 00000001100111100101 00000001111001011111 00000100001001110111 00000010011001111000 00000010011100011011 00000001001000111110 11111111110001011001
00000000001101100101 00000000101011110100 00000000101011010010 00000010110011011100 00000000101100100010 00000000101101001011 11111111110111110000 11111111000110111000
00000001001011101100 00000001101110000000 00000000110001100110 00000010100100100110 00000000100110000101 00000000100001100101 11111111100011111101 00000000100001100000
00000001001101100011 00000001111100010101 00000000110001011000 00000010101010001100 00000000100010010101 00000000010100101111 11111111010001000010 00000000110101101011
00000001001010001000 00000000101011011100 00000000100001101001 00000010001000000000 00000000010010101110 11111111101110001011 11111110101001100101 11111111011101110011
00000001000001011100 00000001000011011101 00000000000100100101 00000010001001101000 11111111110110100001 11111111111010101010 11111101110100111011 00000000110000000001
00000000111011011011 00000010100011010011 00000001001100001001 00000011111110010010 00000001000000001010 00000001001011011110 11111111011110100010 00000001010110001111
00000000101110011010 00000001100110010110 11111111000011000000 11111110111101001101 11111111100011100110 11111111100100010110 11111111011100001100 00000001010010000111
00000001100111001001 00000010111100010101 11111111101110011110 00000001010010111101 11111111110000011000 00000000010001110100 11111111111010001111 00000011011010100101
00000010110010100100 00000011111001100110 11111111111000000100 00000001111000001110 11111111110010101011 00000000100100011101 11111111101010100100 00000011111101011001
00000011011101000101 00000110010101101101 00000001100111100010 00000011100100111001 00000000101010011110 00000010110110011000 00000001001110101000 00000101010101101001
00000001110001111001 00000011000001101101 00000000010111000010 00000001111011000000 00000000100111000010 00000010001100010000 00000001101101001111 00000001110011001000
00000000101100001000 00000001101101001011 11111111100001111111 00000001101011011000 00000000001100101001 00000010000011000000 00000001110101101011 00000001001100111101
00000010011111010011 00000011111111011001 00000000010100100110 00000010011101100011 00000000000100100100 00000010000110000100 00000001110000000111 00000100101010001010
00000000011110100000 00000001111100010001 11111111101100100000 00000001101111010110 11111111101001000101 00000000100100111101 00000000100100010100 00000001101111011100
00000000000010100111 00000010010011011101 11111111011010011110 00000001110000101011 11111110101101101111 00000000100010010100 11111111000100001100 00000011100110110110
00000000000000100110 00000010111001100011 00000000011011111110 00000011000011110010 00000000000001110001 00000001011000110111 00000000001001011011 00000010011100011111
11111111101001011111 00000001001100110100 00000000001011100011 00000010001011100100 00000000001000001011 00000000101111110010 00000000101010100000 11111111101101010111
00000000100101101101 00000001100011100001 11111111111000001000 00000001000110101111 11111111100010100001 00000000011000011101 00000000000110111001 00000001110010101000
00000000101101000001 00000001100110110011 11111111110001000110 00000000010110111101 11111111001110011101 11111111101010011000 11111110111001100010 00000010001110001010
00000001011000010111 00000011010110100101 00000000010101111111 00000010010111011111 00000000000001111011 00000000100001101100 00000000100000100010 00000011111000101011
00000010000111010111 00000011101101101011 00000000001101110001 00000011000110011000 00000000100100011001 00000000110100111000 11111111111011100011 00000011100111010100
00000000101010100011 00000010011100001011 11111111100011001110 00000010101011000000 00000000011100000011 00000000011011000001 11111111100100111001 00000010011100000010
11111111011011101000 00000000101001000101 00000000101010110010 11111101100110001110 00000000010111111110 00000000011100011111 11111101011100011101 11111111001011010010
11111101110100010011 00000000101111110100 00000000000111101010 11111011111011110010 00000000010110000101 00000000101000101101 11111101111000001001 11111110011010000100
11111101101110011110 00000000011111011100 11111111110001100101 11111100000011110100 11111111111111111001 00000000100011011001 11111110011011000111 11111110000001100010
11111110011111110001 00000000011011101101 11111111110011011011 11111111111111101000 11111111010000100010 00000000010010010100 11111111000100111000 11111111111000011101
11111111010011110100 00000001010111101001 00000000000011001110 00000000011101001000 11111111001111001000 00000000010111110110 11111110111111001111 00000001101100001011
00000000000110001010 00000001001011001101 11111111111101000011 11111111001101101000 11111110111010111110 11111111111100000111 11111110011110010000 00000001111010111101
00000001001000010010 00000010010101111101 11111111101111011101 00000000001110101111 11111110011100001011 11111111110110000101 11111110011100111000 00000011111111001011
00000000101000111100 00000010010110010001 11111111101001101101 00000000101110010001 11111110011111111001 11111111110101101001 11111110100110010010 00000011100110001111
11111111100100011001 00000001011101111110 11111111111001001000 00000000011101011011 11111110101100110010 11111111110110000011 11111110011010010011 00000001111100011110
00000000001100011010 00000011010101010001 00000000000101100110 00000010100110000000 11111111000000000000 00000000101000101000 11111110001010011111 00000100001111101110
00000000101001111100 00000011000110000001 00000000101010010110 00000010111000001100 11111111110101001010 00000000111100011001 11111111011111111010 00000010111110100101
00000000111001100100 00000010011011011011 00000000101011010111 00000010011100000101 00000000001010010100 00000000101110101111 00000000110001100000 00000010000010001000
00000001000101001010 00000011100110010111 00000001111110001001 00000011011000101001 00000000101111111100 00000001111000000110 00000001100100101011 00000010111000010110
00000000111000111011 00000011110001111001 00000001100111000100 00000011000111110100 00000000001000101111 00000001101100100010 00000001000111101010 00000011010101000010
00000001011010111011 00000101000001010001 00000001111010101010 00000100011001110100 00000000110101001111 00000010000101001010 00000000111011010011 00000100001100100001
00000000100110100001 00000010110110011110 00000001101110101100 00000011111110011100 00000001011010011110 00000001110001111011 00000001001110110011 00000001001000000100
11111101111001110001 00000001111001011001 11111111100100100001 11111001000110010110 00000000110100000001 00000001000000100100 11111101110101010000 11111101110011010110
11111011111110010100 00000010100011101101 11111111100111001000 11110111110011010101 00000001000111010011 00000001001110001110 11111101010101101010 11111100000100110110
11111100010111001100 00000010011100011100 11111111000110111010 11111000001111101101 00000000111111010101 00000000111101000101 11111101110010100010 11111100101001100001
11111110100111010011 00000001100011100111 11111110111010011111 11111001001101011100 00000000010010110101 00000000011100010011 11111110000110110011 00000000001111001100
00000000001101000110 00000001000100011111 11111111001111000010 11111011011010010101 00000000000111111000 11111111101011011000 11111111001100101101 00000000111000101010
11111111111111111010 00000000111011010001 11111111100000100101 11111011101100100101 00000000001010100010 11111111111010100000 11111111000000101000 00000000011000010101
11111111110111100101 00000001001001000100 11111111011011110011 11111010110001111000 00000000001110010000 00000000000100001000 11111110010000010110 00000000010101101010
11111111101001110111 00000001001111100100 11111111101000111010 11111010100000011101 00000000011001100111 00000000100011111010 11111101101010011101 11111111101100010101
11111111100100010000 00000001011000101011 11111110110110100011 11111010000101001101 00000000010100011110 00000000100000000011 11111110011001010101 11111111100111010010
11111110110100101100 00000001011111010111 11111110011111101011 11111001111000011101 00000000010011011111 00000000100001110010 11111110101011101000 11111111000010111110
11111110110000011000 00000001011101101101 11111111001011010111 11111001100110101110 00000000010010000000 00000000100111100000 11111101110110111101 11111110111110111000
00000000001110001101 00000001001111001101 11111111110000100110 11111010011100111001 00000000000111100101 00000000000011101011 11111101010100101010 00000000011111111101
00000000001011000010 00000001001100110100 00000000000011111100 11111001110111101001 00000000001111000111 00000000100000000110 11111100100101100011 00000000010100110010
00000000111000100110 00000001001100111001 11111111110011111111 11111001010110000101 11111111011111111000 11111111101010010001 11111100100100111011 00000001110100100111
00000000011001111100 00000001010010011100 00000000011010101110 11111001101111111001 11111111100101101011 11111111100101011000 11111011101111101001 00000001101100101010
00000001000110010100 00000001001101011011 00000000100001011111 11111010001101000011 11111111110001111010 11111111100100001011 11111011101100001011 00000010000011011100
11111100100100101000 11111111101011111110 11111110100001110000 11111111100000110000 11111111011110101110 00000000110101011001 00000000110001000110 11111011101110011110
11111101000001100110 11111111110111000111 11111110011010111100 00000000101010100011 11111111100000010100 00000000111110000111 00000001010101001110 11111100011100011110
11111101010111010110 00000000010001100001 11111110100111010011 00000000110111100111 11111111011100011000 00000000110100111000 00000001100110001111 11111101010101101011
11111110000111010110 00000000011111001001 11111111010101000011 00000000000100000001 11111111101001011000 00000000101111111011 00000000101100111110 11111110010000010001
11111110000001110110 00000000000000111010 11111111100000011101 11111111001110001100 11111111110000110100 00000000101111101010 00000000010000100000 11111101011001001111
11111110001101110001 11111111100110011100 11111111011111100000 00000001100110110011 00000000001001111011 00000001010100111100 00000001000001100000 11111101111011001110
11111101001101010100 11111111110000110111 11111110101101001010 11111111010101101111 11111111111001111010 00000001000100010111 00000001000000001011 11111100000110010000
11111101101101101001 11111111100010101010 11111110100111001011 00000001110000110011 00000000000011010111 00000001110100001111 00000001000100011011 11111101010000001101
11111110100110101010 11111111100110110010 11111111001110000110 00000001101101111001 00000000101001111011 00000001101110011101 00000000110111001111 11111101100000001000
11111110100100111011 11111111111110100000 11111111100000011000 00000001101100100101 00000000010110000100 00000001001110011111 00000000011011000000 11111110000101110010
11111110010000101110 00000000001011011100 11111111100001001001 00000001110111000010 11111111111100001010 00000001010110101001 00000000011010110000 11111110110111110111
