1.12243763 1.10348964 1.88891284 2.2727142 1.66350752 1.66295059 1.20077714 1.02017835 1.86689577 2.20015305 1.96201499 1.75382021 2.1429923 1.04555104 1.76866872 2.18105517
1.39778576 1.08705681 2.51955211 2.67096932 2.19571206 2.36020918 1.94845239 1.48637667 2.54045784 2.78687247 2.41528185 2.49576039 2.6431753 1.05170661 2.39863195 2.70704401
1.86162956 1.09741403 1.93723239 1.99071298 1.48876812 1.3792301 0.92905651 1.22999413 2.03443235 1.98839562 1.78312587 1.76593217 1.52881675 0.9551961 1.97808955 2.06561207
1.32959634 1.0605767 1.54283619 1.79570069 1.36764867 1.12072152 0.84997024 0.89897016 1.50022928 1.58561018 1.53863632 1.60839591 1.2488295 0.92110847 1.40654589 1.62012563
0.88179158 0.91252076 1.21294708 1.53176069 1.26656632 0.98627928 0.87367512 0.75924879 1.02804268 1.0940764 1.14340296 1.35347533 0.97595449 0.81036392 1.05507866 1.20499653
0.64776044 0.90010467 1.0852073 1.36011462 1.11501835 0.70975079 0.6177367 0.51206013 0.88837789 1.01211141 1.1200871 1.2874423 0.91704819 0.81215447 0.97914224 1.1432551
0.79969656 1.00570847 1.31207225 1.63590327 1.34119378 1.06358588 0.83150317 0.56843843 0.9974848 1.24936436 1.32158364 1.57388656 1.30524492 0.9782593 0.62480766 1.03835627
0.79533945 0.96741637 1.25599204 1.65147929 1.37812326 1.20437051 1.06410731 0.74179536 0.85922143 1.06614036 1.23838589 1.61839096 1.3514591 1.02441828 0.59218281 0.903525
0.76244588 0.92269502 1.14792609 1.46206987 1.24771309 1.09833192 1.04775536 0.75053129 0.64666497 0.81045953 1.0822765 1.47098264 1.20074033 1.04658599 0.46037817 0.67292458
0.56310886 0.73426542 0.87646823 1.06432967 0.93502909 0.60544611 0.42226156 0.3405125 0.57313185 0.49815911 0.61213953 1.07494452 0.77086965 0.73587908 0.6742739 0.77781992
0.22464658 0.46109537 0.82130088 0.52580022 0.34876359 0.04072618 -0.03779957 -0.10743961 0.65396826 0.3977224 0.32985726 0.86058141 0.35388801 0.41248142 0.88038978 0.87795418
0.60349884 0.55260361 0.79935539 0.52536895 0.49601588 -0.01331434 -0.08370692 0.19415487 0.72927975 0.43526588 0.30948786 0.82218404 0.15249547 0.42354746 0.99564448 0.96388115
0.61837757 0.63023608 0.74944741 0.56794613 0.297345 -0.12554868 -0.14755584 0.28607902 0.65595782 0.30097715 0.34736657 0.76285197 0.00363998 0.40294701 0.97850976 0.81990016
0.64144429 0.29999762 0.50803942 0.40206922 -0.14679904 -0.37914693 -0.19030727 0.32492288 0.2669306 0.23470506 0.24330316 0.51547111 0.1292516 0.08334743 0.51281659 0.08811096
0.69982914 0.58245212 0.54679902 0.44534297 -0.05243553 -0.41560099 -0.43436953 0.13433403 0.35590739 0.26754331 0.46642704 0.82763629 0.21304726 0.53060597 0.60370131 0.6581386
0.82860419 0.86568936 0.87766727 0.98622021 0.75742646 0.17553074 -0.05085043 0.51626501 0.83747815 0.76945802 0.97875701 1.061427 0.70798917 0.82139744 1.09908566 1.0126162
0.25181588 0.24019544 0.11903006 -0.25364499 -0.54122512 -0.63545859 0.11320648 0.53960197 0.5939723 0.33800441 -0.61520533 -0.09680554 -0.65555161 -0.30799912 0.48181758 0.44174711
0.66091677 0.66177817 0.26065515 0.1975499 0.12051445 -0.11481517 0.04083682 0.92425224 0.65779354 0.07366976 0.17651596 0.23093324 -0.09059527 0.57259624 0.70017544 0.56467232
1.07122171 0.85538238 0.51971103 0.35140135 0.20797072 -0.04259898 -0.02311469 0.9294081 0.74880678 0.16381481 0.1583854 0.56166103 0.0626178 0.84489818 0.78355813 0.68661547
1.73342705 1.02547988 0.94269832 0.87796505 0.81944318 0.68058192 0.4348903 1.3592919 1.25974558 1.07806838 0.82187818 0.94127602 1.15551144 0.99679768 1.3671625 1.47605537
0.7189419 0.89210551 0.75928598 0.27866705 0.4484079 0.50639657 0.59920627 0.5526201 0.69526669 0.34004713 -0.02591802 0.77413658 1.07773242 1.03672593 0.86495444 0.71760557
0.18929642 0.6712072 0.81964722 0.06840053 0.30369476 0.47041016 0.65543699 0.44954778 0.56330703 0.13377806 0.11127413 0.84135119 0.94655581 1.0293891 0.89629859 0.61042538
1.16989545 0.90901728 0.80243008 0.52019757 0.64475008 0.46361446 0.62277801 1.2341005 0.92028218 0.54609028 0.38070562 0.84334164 0.76758793 0.96418178 1.23639739 1.12006478
0.26042547 0.5999153 0.8878241 0.22240936 -0.17259609 -0.06132213 0.15075564 0.70594726 0.73332136 0.35063815 0.18781061 0.84050868 0.23057166 0.51019967 1.01184871 0.77320875
0.28551673 0.67828397 0.88570282 0.3144019 -0.17222272 -0.15672043 -0.26645275 1.15556984 0.8756859 0.4024411 0.26455955 0.88145296 0.34549293 0.67888762 1.09560297 1.21711823
0.33265225 0.69314371 0.76239422 0.69365074 0.42822955 0.24592879 0.0655425 0.76444377 0.8106004 0.56847456 0.21197502 0.78812823 0.51436984 0.61804713 0.94418547 0.8466264
-0.13351988 0.28380897 0.70206742 0.30989087 0.0363973 0.04629898 0.16493431 0.08392095 0.47124538 0.32221773 0.06404077 0.64491305 0.17209913 0.41186667 0.56826005 0.35948095
0.34665247 0.36728294 0.54020781 0.06796657 -0.20701071 -0.16667467 0.12812182 0.55540711 0.59012268 0.33866419 0.14466539 0.51628015 0.01091877 0.24292384 0.63973042 0.56557891
0.40376402 0.34835448 0.2954465 -0.00988389 -0.49324809 -0.53797534 0.03822143 0.51222927 0.66236637 0.37488365 0.04070878 0.53735942 -0.26366857 -0.05569084 0.50710629 0.5286062
0.80736403 0.72622759 0.39134125 0.49353544 0.41300418 0.00903494 0.52288733 1.0614211 0.6757886 0.64891737 0.71184548 0.4104016 0.38090992 0.5796669 0.97398856 0.25096592
0.91350445 0.86909943 0.42539427 0.64369635 0.5012552 0.05361294 0.4711191 1.07364703 0.56597895 0.67401084 0.62893907 -0.05418729 0.43764063 0.01777889 0.90443518 -0.1821009
0.73848756 0.51019855 -0.08989253 0.5280582 0.37685229 -0.16548911 0.41752667 0.91852903 0.20771453 0.56709672 0.42788809 -0.20737907 0.46877611 -0.19460892 0.6454238 -0.3449329
0.24371903 -0.28290595 -0.26418355 -0.25836768 -0.7282106 -0.89944841 -0.47171052 0.38111489 0.18994765 0.45653605 -0.38848452 0.10363061 -0.18582738 -1.05236559 -0.22781892 -0.28552527
-0.59974227 -0.78989455 0.3026408 -0.89776737 -1.08824569 -1.07722094 -0.49801983 -0.35431361 0.91825273 0.59107334 -0.95471912 0.55696879 -0.75294827 -1.04694511 0.14459207 -0.18969752
-0.81879849 -0.86020174 0.68101141 -0.96632959 -1.07255667 -0.97928539 -0.65171559 -0.61225787 0.95220474 0.53719193 -0.73995376 0.8081321 -0.57753229 -0.61310546 0.52775065 -0.1454308
-0.54660696 -0.2951289 0.90956333 -0.33867166 -0.68532888 -0.4302496 -0.55715245 -0.04660614 0.86824186 0.24959144 -0.14387879 0.86979879 -0.02046019 0.0008594 0.8765 0.32206773
-0.11150317 0.02756667 0.9335719 -0.10794555 -0.59736219 -0.24688516 -0.43767827 0.53324599 0.88562233 0.43992651 0.09678167 0.81881861 -0.08378207 -0.37670609 0.95800662 0.63039746
0.06716792 -0.02310281 0.95388835 -0.40451028 -0.81119592 -0.53846648 -0.58621324 0.56613008 0.92778041 0.40383622 -0.11917652 0.78712228 -0.39829834 -0.4093258 0.97635263 0.66956166
0.5833085 0.29854846 0.95165503 -0.07914925 -0.60716182 -0.36410823 -0.49209033 1.20018016 0.97733822 0.46800631 0.15764666 0.80984021 -0.14960501 0.03499185 1.04596769 1.23502278
0.47476479 0.30492062 0.95193263 0.03451802 -0.52555074 -0.21862303 -0.44960852 1.12761245 0.99786526 0.63929667 0.38010029 0.87261257 0.10120996 -0.02995168 1.03085111 1.29145726
0.09558671 0.13802236 0.91959109 -0.07099578 -0.51936559 -0.3018896 -0.53891841 0.72010727 0.95425565 0.6229712 0.47956293 0.89520797 -0.05804868 -0.38678394 1.00965929 1.17013017
0.52620378 0.59436364 0.93794324 0.59649193 0.03357554 -0.07018443 -0.47341012 1.43540369 1.14647894 0.90080024 0.70134154 0.94746851 0.18545496 0.1533461 1.28592335 1.62451422
0.67625866 0.748261 0.93918105 0.65508289 -0.00661662 0.10645555 -0.08022884 1.00772206 1.03034145 0.81410155 0.64386397 0.94830898 0.38552903 0.45147252 1.11032255 1.26545314
0.61310144 0.62467475 0.92054777 0.48873475 -0.12845701 0.07700097 0.27244441 0.70131835 0.92623984 0.54998332 0.50360338 0.95181795 0.53398602 0.75102943 0.98849657 0.98230848
0.83056234 0.85447542 0.92620351 0.80500295 0.59270255 0.4109982 0.5626672 0.97466681 1.07213428 0.87000503 0.82330123 0.98540239 0.78507766 0.86365126 1.15915724 1.08434008
0.80090523 0.92482537 0.87689413 0.73049764 0.49949539 0.33223761 0.40170731 1.14107277 1.08180783 0.88027138 0.83309844 0.93665341 0.74768779 0.88152408 1.31626878 1.21808576
1.12771233 1.01457541 1.06750202 1.12136992 0.80133851 0.45611862 0.36883484 1.37908514 1.26874328 1.39409166 1.22938312 1.15626849 1.00963123 0.9207099 1.26633026 1.36682982
0.6667829 0.87406755 0.9068239 0.99112611 0.71428919 0.40838939 0.47456938 0.56655892 0.98614191 0.9643544 0.83559663 1.02577266 0.96978683 0.84942713 0.93608072 1.05632827
-0.76266524 -1.20440699 0.80286153 -0.77684958 -1.18317303 -1.19867848 -0.71164485 -0.25816679 0.99192236 0.81603149 -1.93356283 0.30697608 -1.81378704 -2.10916367 0.71303317 0.21510916
-1.14996508 -1.63757674 -0.25208564 -0.91834153 -1.28466575 -1.22495995 0.08910757 -0.65732467 0.99711359 0.91367888 -2.36392588 0.38475485 -2.30804851 -2.51477497 -0.41488539 0.40460855
-0.9841274 -1.60591196 -0.61161517 -1.30463912 -1.38514778 -1.31205972 0.34243019 -0.71123961 0.98773623 0.85513935 -2.01751121 0.6373611 -1.87909699 -2.17316404 -0.7358827 0.21181388
-0.16482049 -0.79381076 -0.52285449 -0.82844241 -1.47462569 -1.26045547 0.34077332 0.04204023 0.44740332 0.4941593 -1.15138982 0.23302467 -0.77010265 -1.23267151 -0.62519567 -0.00233232
0.24295385 -0.41725188 -0.79769615 -0.48928239 -1.1728283 -0.79844041 0.50354491 0.44860751 -0.67102205 0.23628331 -0.48690979 -0.43079056 -0.17744337 -0.80444491 -0.69168863 -0.57921999
0.50557791 -0.49156594 -0.92819671 -0.86243795 -1.05923541 -0.77674883 0.62472568 0.75290584 -0.94020735 0.29651087 -0.49811703 -0.79259511 0.22969783 -0.79936528 -0.67911969 -0.924388
0.5656824 -0.43646755 -1.08904121 -0.51392505 -1.20932312 -1.16724426 0.66758278 0.72175451 -0.95432133 0.42141943 -0.74125459 -1.04218103 0.31077617 -0.93969821 -0.36775802 -0.79304219
0.50395237 -0.542977 -1.08792159 -0.44028423 -1.32814291 -1.27044208 0.49111664 0.5854774 -0.82223899 0.53813357 -0.78340841 -0.59364505 0.1805083 -1.27601103 -0.6651683 -0.60224295
-0.07155031 -0.82912469 -0.31904884 -1.08099775 -1.33096987 -1.20335292 0.19231129 -0.05497669 0.76539361 0.58062218 -1.26368197 0.39615566 -0.81974394 -1.12555128 -0.43431458 -0.36338823
-0.55087488 -0.96512944 0.92188805 -1.72607337 -1.15066162 -1.27299715 -0.71529274 -0.30721406 0.97846991 0.63349374 -1.23888966 0.86792511 -1.31439065 -1.12086649 0.87708254 -0.33733076
-0.56638083 -0.77092874 0.99177464 -1.86052888 -1.05457415 -1.35820294 -1.40482926 -0.22701866 0.98744255 0.68441521 -1.18645073 0.9470759 -1.3998228 -1.31542606 0.98743907 -0.47601923
-0.08598072 -0.2996521 0.99464915 -1.50011316 -1.03183784 -1.32442275 -1.34244148 0.12756597 0.98556778 0.57131957 -1.02699436 0.92996834 -1.22031532 -0.89616056 0.99428126 -0.37602528
-0.10368709 -0.26797819 0.99702203 -1.65668384 -1.0490303 -1.57870615 -1.65628674 0.14283485 0.99487904 0.56771147 -1.02739958 0.96515252 -1.26611081 -0.70572789 0.99670436 -0.48895835
0.14482892 -0.12537645 0.99527651 -1.79678818 -1.07075243 -1.64346617 -1.45012775 0.6214149 0.99278199 0.55351449 -0.70037948 0.97002001 -1.15224458 -0.47465898 0.99610717 0.09277922
-0.00537437 -0.11828392 0.98051216 -1.55834535 -1.16105641 -1.81107791 -1.40892888 0.58280958 0.99143103 0.72423312 -0.67713512 0.93560609 -1.63779508 -1.01352569 0.97506593 0.3230239
0.17763944 0.02053915 0.94305008 -1.33891827 -1.16727496 -1.68539778 -1.2048632 0.53084647 0.98541102 0.60658913 -0.84559244 0.86644733 -1.73732733 -0.90602553 0.92790234 0.36622983
-1.5641214 -0.97571106 0.92643925 -0.19004859 -0.61431555 -0.3232144 -0.59353445 -1.05168605 0.90878571 0.489367 -0.45299101 0.80527894 0.09939177 -0.12029774 0.88116412 0.15369483
-1.43656772 -0.84637128 0.89532909 -0.15472981 -0.56501253 -0.11947629 -0.25969484 -0.69446763 0.85479278 0.41552851 -0.60972595 0.65324599 0.14195502 0.14679666 0.81879832 -0.11204691
-1.26017007 -0.62860254 0.91038479 -0.21236534 -0.63590537 -0.0233296 -0.00477646 -0.51118592 0.85410768 0.27850301 -0.71048922 0.55940194 0.04040882 0.3268307 0.84505374 0.02956063
-0.85884678 -0.4636943 0.75883533 -0.14752024 -0.66919357 -0.21891026 -0.2781569 -0.30859756 0.79096087 0.42771974 -0.62738408 0.49244604 -0.29919596 -0.37431666 0.65521252 0.2385121
-0.72667231 -0.5112047 0.67135901 -0.07822705 -0.57686006 -0.22834226 -0.60883763 -0.45915931 0.81844283 0.40674292 -0.61979705 0.50873531 -0.19592293 -0.35462839 0.45110542 -0.11668341
-0.57587868 -0.46058152 0.25354954 0.06484934 -0.27019673 0.23759008 -0.35453138 -0.17520868 0.60463021 0.26873455 -0.36741182 0.55697707 0.29292657 0.22765625 -0.20701629 -0.26894718
-1.07106597 -0.80909659 0.31214879 -0.1476393 -0.53690234 -0.09376372 -0.58255948 -0.74716416 0.77656296 0.25961463 -0.71696897 0.69739301 0.16681084 -0.11277716 -0.01905444 -0.30755482
-1.10843255 -0.53192388 0.60223728 -0.10305458 -0.46416959 0.3115021 -0.31035568 -0.56902971 0.73658867 0.03015895 -0.61634215 0.80940118 0.53396345 0.39187133 0.34420824 -0.45840151
-0.52321318 -0.47095414 0.43367239 0.01616877 -0.30624463 0.26955745 -0.26596079 -0.0661473 0.59747787 0.18725925 -0.46320964 0.64333931 0.39480099 0.09931193 -0.01521496 -0.68316621
-0.43076478 -0.30754202 0.36510147 0.11873774 -0.31579684 0.09943967 -0.3833478 -0.22792613 0.57627784 0.31199381 -0.41611848 0.65680757 0.31697942 0.05380502 -0.01574361 -0.39093412
-0.52777942 -0.26159796 0.20444545 0.10975727 -0.23987823 0.14812417 -0.29018788 0.05201221 0.50589965 0.36882553 -0.22587191 0.59837677 0.1887981 0.07647862 -0.01145373 -0.26495355
-0.88608506 -0.70432349 0.4817234 -0.04653942 -0.71352438 -0.48168444 -0.35651989 -0.48890079 0.72966988 0.46881976 -0.68680783 0.59973654 -0.39675848 -0.50983685 0.25864196 -0.01569545
-0.26500935 -0.28408111 0.41321925 0.25797473 -0.16289805 0.09907386 -0.30202099 0.12216637 0.46658232 0.17353177 -0.17511728 0.70999424 0.07947747 0.08167253 0.33668869 -0.02200124
0.06627104 -0.26163207 0.13270587 -0.18883359 -0.36218068 -0.18378387 -0.54607252 0.63190392 0.23475963 0.42337425 -0.14411247 -0.05046759 -0.08419747 -0.60624953 -0.11118195 -0.75038442
-0.04952796 -0.4631689 -0.07660126 -0.48425576 -0.55295603 -0.44884171 -0.45725699 0.52911086 0.05766916 0.45902042 -0.52824203 -0.0410871 -0.10642064 -0.57143841 -0.41238354 -0.88894121
-0.20078148 -0.3859339 0.23517845 -0.02131743 -0.43138813 0.03523142 -0.4824167 0.2654111 0.36960453 0.21317044 -0.50377886 0.35789916 0.02282556 -0.10160081 -0.15881365 -0.64180518
0.40941298 0.53951214 0.63712698 0.41593556 0.39163042 0.28621786 0.25608228 0.16539277 0.59333508 0.41076317 0.35702294 0.525815 0.29880362 0.69011081 0.60111589 0.39216635
0.13198826 0.29463022 0.65437992 0.34312914 0.28913173 0.08892359 -0.01361571 -0.05522401 0.50554895 0.36636247 0.16867818 0.59679422 0.13881185 0.48777595 0.57272416 0.22065587
-0.12028906 0.07198036 0.7256918 0.44880001 0.10671661 0.05802006 -0.12514158 -0.41115543 0.50762461 0.49239007 0.14504938 0.56652327 0.09583879 0.32436166 0.44820844 0.29144527
-0.49786664 -0.3104675 0.71404348 0.1138722 -0.3932956 -0.48200978 -0.36292431 -0.75728391 0.64851683 0.56998081 -0.05609593 0.3456812 -0.32017826 0.04416901 0.5531432 0.45337092
-0.31767294 -0.1432044 0.75964649 0.06402503 -0.59643106 -0.62850476 -0.44767665 -0.50300262 0.74167949 0.56492418 -0.30450584 0.18090393 -0.61494673 -0.08242104 0.6636844 0.58342728
-0.32333243 -0.08572167 0.56352259 0.02523718 -0.49047559 -0.43948332 -0.28424321 -0.31926703 0.65354119 0.49320791 -0.19803959 0.22022112 -0.50189681 -0.00189026 0.51520167 0.60902474
0.18315457 0.22384907 0.1537094 0.07896324 0.0690334 -0.02894102 0.26042788 0.18460267 0.33281011 0.37833192 0.16542428 0.02019339 0.04807998 0.46171727 0.31463687 0.01795198
0.54719093 0.39843641 -0.02531236 0.16380308 0.17666478 0.04237448 0.37732674 0.37675307 0.22816474 0.48435455 0.57899315 0.14671705 0.50908825 0.59468651 0.51964455 0.22223144
0.85679821 0.41868099 0.00632061 0.2292385 0.33614433 0.03559115 0.07836445 0.67260752 -0.11162873 0.42633059 0.78068595 -0.08103751 0.84029875 0.658209 0.66759692 -0.4361813
0.98316964 0.43739539 0.28553441 -0.6481945 0.66388938 0.40904436 -0.38901582 0.91854874 0.03593702 0.49205087 0.92873654 0.2914941 0.97992381 0.61168379 0.12323392 -0.9357464
0.9901338 0.64323458 0.66668235 -0.60197785 0.9051176 0.55194165 -0.46101738 0.89045313 0.15420416 0.72397955 1.09258229 0.38387866 0.99143889 0.55015576 -0.1636739 -0.94337506
0.9861582 0.87982213 0.95083587 0.16832874 1.04100435 0.62904389 0.04582528 0.80404643 0.56836034 1.0751771 1.34704804 0.49281243 0.98802355 0.81271428 0.20678762 -0.73853077
0.97664051 1.06136173 1.20678807 1.26417949 1.21210994 0.85773151 0.29871252 0.84970567 1.13363001 1.53010495 1.70978669 1.14685737 0.98586736 0.95971169 0.98449194 0.7790547
1.07385659 1.18159861 1.43347801 1.49913354 1.39004674 1.04643567 0.43737708 0.98676497 1.43252842 1.67157718 1.60763908 1.35202095 1.13140147 1.06737725 1.21748302 1.34439866
0.57028742 0.86409487 0.80862144 0.65619671 0.39308311 0.13936445 -0.32512816 0.34372422 0.94880665 0.86280253 0.81096326 0.89832142 0.62940537 0.71258579 0.77312831 1.01818727
0.26876806 0.63485917 0.89372376 0.33776774 -0.15287945 -0.12311326 -0.51999681 0.21945868 0.8742337 0.70052744 0.64430939 0.94061753 0.55178565 0.64320296 0.8952706 0.92809847
0.10580501 -0.17974579 0.23661034 -0.46168536 -0.4292309 -0.16293273 -0.01788846 0.66804291 0.13936888 -0.14756751 -0.54479819 -0.4136622 -0.00768215 0.37781622 -0.0229046 -0.83276986
0.27107778 -0.12996284 0.11465903 -0.36312556 -0.14845114 -0.02959206 -0.15599003 0.7802167 -0.07206668 -0.18180345 -0.13957293 -0.32790199 0.03301536 0.43985392 -0.16455631 -0.86141898
0.4066282 -0.41211567 -0.47957173 -0.78048892 -0.3614681 -0.37482927 -0.13133219 0.89513925 -0.69744641 0.18171869 -0.21286726 -0.82276412 0.12171389 -0.29774762 -0.73058745 -0.99294375
0.3745294 -0.51327356 -0.81167309 -0.92594013 -0.08063441 -0.55968705 0.08196775 0.96854458 -0.97000467 0.29327364 -0.43737598 -1.16270035 0.01534871 -0.72567504 -0.78683054 -1.0044912
