LUTs,Registers,BRAMs,DSPs,WNS (ns),Total Power (W),Dynamic Power (W),Static Power (W),result,Cycles,Clock Period,Frac Width,Num Parallel,Int Bits,D,H,MAE,RMSE,Execution Time (m),Time Utilization
39041,701,0,258,-6.971,3.54,0.585,2.955,success,84.0,2.0,1.0,1.0,10.0,64,16,0.7614010584812501,0.9194911624781473,9.20210390885671,
41939,1075,0,258,-8.53,3.571,0.615,2.956,success,84.0,2.0,2.0,1.0,10.0,64,16,1.01006924373125,1.1574551862223066,11.545444877942403,
46161,1302,0,258,-7.967,3.667,0.709,2.957,success,84.0,2.0,3.0,1.0,10.0,64,16,0.9390916732812501,1.0722403503793656,11.084010024865469,
48758,1402,0,258,-8.64,3.678,0.72,2.958,success,84.0,2.0,4.0,1.0,10.0,64,16,0.64002444098125,0.7594340071120249,15.121547520160675,
52512,1511,0,258,-8.491,3.935,0.973,2.962,success,84.0,2.0,5.0,1.0,10.0,64,16,0.27805653911875,0.3560365063928123,12.834316527843475,
56094,1610,0,258,-9.497,3.788,0.829,2.96,success,84.0,2.0,6.0,1.0,10.0,64,16,0.12189346498125002,0.16220259148785396,18.71065289179484,
59715,1729,0,258,-8.838,3.887,0.925,2.961,success,84.0,2.0,7.0,1.0,10.0,64,16,0.05826738945624999,0.08097655801932363,17.68798642953237,
62841,1830,0,258,-9.805,3.853,0.892,2.961,success,84.0,2.0,8.0,1.0,10.0,64,16,0.033574943924999996,0.05053242287889409,19.478700451056163,
65972,1928,0,258,-9.887,3.969,1.006,2.963,success,84.0,2.0,9.0,1.0,10.0,64,16,0.024583378184374997,0.04184172145540223,14.41073842048645,
81078,1966,0,258,-9.835,3.926,0.964,2.962,success,84.0,2.0,10.0,1.0,10.0,64,16,0.0219452739875,0.040049592861202084,24.444844885667166,
89979,2066,0,258,-10.186,4.128,1.162,2.966,success,84.0,2.0,11.0,1.0,10.0,64,16,0.021599731202343753,0.03995080493353905,22.00592841307322,
43204,682,0,516,-6.355,3.671,0.713,2.957,success,52.0,2.0,1.0,2.0,10.0,64,16,0.7614010584812501,0.9194911624781473,11.878102680047354,
47866,1079,0,516,-7.551,3.675,0.717,2.958,success,52.0,2.0,2.0,2.0,10.0,64,16,1.01006924373125,1.1574551862223066,22.789214440186818,
52558,1307,0,516,-7.604,3.735,0.776,2.959,success,52.0,2.0,3.0,2.0,10.0,64,16,0.9390916732812501,1.0722403503793656,20.8886017203331,
56020,1401,0,516,-7.796,3.869,0.908,2.961,success,52.0,2.0,4.0,2.0,10.0,64,16,0.64002444098125,0.7594340071120249,17.336618967851003,
60734,1510,0,516,-7.904,3.872,0.911,2.961,success,52.0,2.0,5.0,2.0,10.0,64,16,0.27805653911875,0.3560365063928123,27.81973128716151,
62463,1609,0,516,-8.619,3.954,0.991,2.963,success,52.0,2.0,6.0,2.0,10.0,64,16,0.12189346498125002,0.16220259148785396,22.835097825527193,
67265,1731,0,516,-8.584,3.874,0.913,2.961,success,52.0,2.0,7.0,2.0,10.0,64,16,0.05826738945624999,0.08097655801932363,15.624234171708425,
71942,1835,0,516,-9.02,3.922,0.96,2.962,success,52.0,2.0,8.0,2.0,10.0,64,16,0.033574943924999996,0.05053242287889409,19.03156635363897,
74696,1939,0,516,-9.553,3.925,0.963,2.962,success,52.0,2.0,9.0,2.0,10.0,64,16,0.024583378184374997,0.04184172145540223,22.804608913262687,
100730,2043,0,516,-10.217,4.039,1.075,2.964,success,52.0,2.0,10.0,2.0,10.0,64,16,0.0219452739875,0.040049592861202084,24.4799232006073,
115533,2147,0,516,-10.056,4.201,1.234,2.967,success,52.0,2.0,11.0,2.0,10.0,64,16,0.021599731202343753,0.03995080493353905,29.56029667854309,
51143,720,0,1032,-6.321,3.972,1.009,2.963,success,36.0,2.0,1.0,4.0,10.0,64,16,0.7614010584812501,0.9194911624781473,11.532520552476248,
54523,1142,0,1032,-7.744,4.015,1.052,2.964,success,36.0,2.0,2.0,4.0,10.0,64,16,1.01006924373125,1.1574551862223066,15.692825257778168,
60273,1393,0,1032,-7.972,4.061,1.096,2.965,success,36.0,2.0,3.0,4.0,10.0,64,16,0.9390916732812501,1.0722403503793656,14.757936914761862,
64671,1506,0,1032,-7.521,4.103,1.138,2.965,success,36.0,2.0,4.0,4.0,10.0,64,16,0.64002444098125,0.7594340071120249,18.581659412384035,
66068,1617,0,1032,-8.358,4.135,1.169,2.966,success,36.0,2.0,5.0,4.0,10.0,64,16,0.27805653911875,0.3560365063928123,15.170918321609497,
71043,1736,0,1032,-9.761,4.162,1.196,2.967,success,36.0,2.0,6.0,4.0,10.0,64,16,0.12189346498125002,0.16220259148785396,16.86490447918574,
75443,1869,0,1032,-8.286,4.262,1.294,2.968,success,36.0,2.0,7.0,4.0,10.0,64,16,0.05826738945624999,0.08097655801932363,16.135883704821268,
81203,1973,0,1032,-8.754,4.298,1.329,2.969,success,36.0,2.0,8.0,4.0,10.0,64,16,0.033574943924999996,0.05053242287889409,19.84300654331843,
85672,2085,0,1032,-8.899,4.406,1.435,2.971,success,36.0,2.0,9.0,4.0,10.0,64,16,0.024583378184374997,0.04184172145540223,23.175317879517873,
131482,2197,0,1032,-10.285,4.193,1.226,2.967,success,36.0,2.0,10.0,4.0,10.0,64,16,0.0219452739875,0.040049592861202084,30.194095345338187,
160175,2353,0,1032,-10.047,4.259,1.291,2.968,success,36.0,2.0,11.0,4.0,10.0,64,16,0.021599731202343753,0.03995080493353905,21.73283012708028,
69039,777,0,2064,-6.958,4.947,1.966,2.981,success,28.0,2.0,1.0,8.0,10.0,64,16,0.7614010584812501,0.9194911624781473,12.627660914262135,
74725,1289,0,2064,-7.275,4.861,1.881,2.98,success,28.0,2.0,2.0,8.0,10.0,64,16,1.01006924373125,1.1574551862223066,17.381189795335136,
81908,1585,0,2064,-7.934,5.201,2.215,2.986,success,28.0,2.0,3.0,8.0,10.0,64,16,0.9390916732812501,1.0722403503793656,16.606368998686474,
87761,1714,0,2064,-8.062,5.055,2.071,2.983,success,28.0,2.0,4.0,8.0,10.0,64,16,0.64002444098125,0.7594340071120249,18.64718879063924,
87737,1841,0,2064,-8.091,5.146,2.161,2.985,success,28.0,2.0,5.0,8.0,10.0,64,16,0.27805653911875,0.3560365063928123,20.903233317534127,
93258,1970,0,2064,-8.113,5.42,2.429,2.99,success,28.0,2.0,6.0,8.0,10.0,64,16,0.12189346498125002,0.16220259148785396,18.109185723463693,
98451,2121,0,2064,-8.235,5.255,2.268,2.987,success,28.0,2.0,7.0,8.0,10.0,64,16,0.05826738945624999,0.08097655801932363,21.456852344671884,
99667,2250,0,2064,-9.385,5.279,2.291,2.988,success,28.0,2.0,8.0,8.0,10.0,64,16,0.033574943924999996,0.05053242287889409,22.690765758355457,
106705,2377,0,2064,-9.712,5.42,2.43,2.99,success,28.0,2.0,9.0,8.0,10.0,64,16,0.024583378184374997,0.04184172145540223,28.054185978571574,
201828,2505,0,2064,-10.442,5.78,2.783,2.997,success,28.0,2.0,10.0,8.0,10.0,64,16,0.0219452739875,0.040049592861202084,23.158190298080445,
251298,2633,0,2064,-10.686,5.83,2.832,2.998,success,28.0,2.0,11.0,8.0,10.0,64,16,0.021599731202343753,0.03995080493353905,27.661434193452198,
79284,913,0,4128,-7.421,6.604,3.591,3.013,success,24.0,2.0,1.0,16.0,10.0,64,16,0.7614010584812501,0.9194911624781473,20.396618894735973,
84881,1585,0,4128,-9.178,6.168,3.164,3.005,success,24.0,2.0,2.0,16.0,10.0,64,16,1.01006924373125,1.1574551862223066,21.309454719225567,
93277,1969,0,4128,-9.062,6.301,3.293,3.007,success,24.0,2.0,3.0,16.0,10.0,64,16,0.9390916732812501,1.0722403503793656,22.242602928479513,
99790,2129,0,4128,-8.857,6.488,3.477,3.011,success,24.0,2.0,4.0,16.0,10.0,64,16,0.64002444098125,0.7594340071120249,23.945972951253257,
107343,2289,0,4128,-9.764,6.624,3.611,3.014,success,24.0,2.0,5.0,16.0,10.0,64,16,0.27805653911875,0.3560365063928123,24.93005248705546,
113917,2449,0,4128,-9.665,6.753,3.737,3.016,success,24.0,2.0,6.0,16.0,10.0,64,16,0.12189346498125002,0.16220259148785396,25.611054170131684,
120098,2641,0,4128,-10.236,6.776,3.76,3.017,success,24.0,2.0,7.0,16.0,10.0,64,16,0.05826738945624999,0.08097655801932363,26.70964963833491,
127788,2801,0,4128,-10.181,6.941,3.921,3.02,success,24.0,2.0,8.0,16.0,10.0,64,16,0.033574943924999996,0.05053242287889409,28.54151799281438,
133441,2961,0,4128,-10.514,7.073,4.051,3.023,success,24.0,2.0,9.0,16.0,10.0,64,16,0.024583378184374997,0.04184172145540223,36.536082430680594,
322113,3126,0,4128,-11.302,7.233,4.207,3.026,success,24.0,2.0,10.0,16.0,10.0,64,16,0.0219452739875,0.040049592861202084,38.64245990912119,
416800,3287,0,4128,-11.885,7.222,4.196,3.025,success,24.0,2.0,11.0,16.0,10.0,64,16,0.021599731202343753,0.03995080493353905,43.35116498867671,
39030,701,0,258,-6.854,3.419,0.466,2.953,success,84.0,2.5,1.0,1.0,10.0,64,16,0.7614010584812501,0.9194911624781473,8.999669913450877,
41924,1075,0,258,-7.929,3.505,0.551,2.954,success,84.0,2.5,2.0,1.0,10.0,64,16,1.01006924373125,1.1574551862223066,13.521618429819743,
46156,1302,0,258,-7.511,3.512,0.558,2.955,success,84.0,2.5,3.0,1.0,10.0,64,16,0.9390916732812501,1.0722403503793656,12.995837855339051,
48742,1402,0,258,-8.197,3.541,0.586,2.955,success,84.0,2.5,4.0,1.0,10.0,64,16,0.64002444098125,0.7594340071120249,12.347407690684001,
52510,1511,0,258,-8.24,3.61,0.654,2.956,success,84.0,2.5,5.0,1.0,10.0,64,16,0.27805653911875,0.3560365063928123,12.944114530086518,
56081,1610,0,258,-8.69,3.617,0.661,2.957,success,84.0,2.5,6.0,1.0,10.0,64,16,0.12189346498125002,0.16220259148785396,18.9090642730395,
59720,1729,0,258,-8.369,3.743,0.784,2.959,success,84.0,2.5,7.0,1.0,10.0,64,16,0.05826738945624999,0.08097655801932363,19.321215057373045,
62845,1830,0,258,-9.285,3.809,0.849,2.96,success,84.0,2.5,8.0,1.0,10.0,64,16,0.033574943924999996,0.05053242287889409,18.596190496285757,
65971,1928,0,258,-9.465,3.802,0.842,2.96,success,84.0,2.5,9.0,1.0,10.0,64,16,0.024583378184374997,0.04184172145540223,20.587943116823833,
81030,1966,0,258,-9.803,3.834,0.874,2.961,success,84.0,2.5,10.0,1.0,10.0,64,16,0.0219452739875,0.040049592861202084,26.002974275747935,
89979,2066,0,258,-9.63,3.826,0.866,2.96,success,84.0,2.5,11.0,1.0,10.0,64,16,0.021599731202343753,0.03995080493353905,25.093725180625917,
43203,682,0,516,-5.9,3.488,0.534,2.954,success,52.0,2.5,1.0,2.0,10.0,64,16,0.7614010584812501,0.9194911624781473,11.769724269707998,
47859,1079,0,516,-7.095,3.591,0.635,2.956,success,52.0,2.5,2.0,2.0,10.0,64,16,1.01006924373125,1.1574551862223066,21.431902917226157,
52530,1307,0,516,-7.236,3.578,0.622,2.956,success,52.0,2.5,3.0,2.0,10.0,64,16,0.9390916732812501,1.0722403503793656,21.743125438690186,
56061,1401,0,516,-7.916,3.657,0.7,2.957,success,52.0,2.5,4.0,2.0,10.0,64,16,0.64002444098125,0.7594340071120249,16.688498016198476,
60730,1510,0,516,-7.211,3.681,0.724,2.958,success,52.0,2.5,5.0,2.0,10.0,64,16,0.27805653911875,0.3560365063928123,25.77946909268697,
62463,1609,0,516,-8.16,3.695,0.738,2.958,success,52.0,2.5,6.0,2.0,10.0,64,16,0.12189346498125002,0.16220259148785396,24.07381010055542,
67248,1731,0,516,-7.661,3.781,0.822,2.96,success,52.0,2.5,7.0,2.0,10.0,64,16,0.05826738945624999,0.08097655801932363,18.786394047737122,
71945,1835,0,516,-8.277,3.76,0.801,2.959,success,52.0,2.5,8.0,2.0,10.0,64,16,0.033574943924999996,0.05053242287889409,18.714016942183175,
74671,1939,0,516,-8.701,3.798,0.838,2.96,success,52.0,2.5,9.0,2.0,10.0,64,16,0.024583378184374997,0.04184172145540223,25.72575916449229,
100686,2043,0,516,-9.556,3.861,0.9,2.961,success,52.0,2.5,10.0,2.0,10.0,64,16,0.0219452739875,0.040049592861202084,21.75017731189728,
115552,2147,0,516,-9.64,4.051,1.087,2.965,success,52.0,2.5,11.0,2.0,10.0,64,16,0.021599731202343753,0.03995080493353905,33.57116479078929,
51136,720,0,1032,-5.895,3.845,0.884,2.961,success,36.0,2.5,1.0,4.0,10.0,64,16,0.7614010584812501,0.9194911624781473,9.901974308490754,
54526,1142,0,1032,-7.156,3.761,0.802,2.959,success,36.0,2.5,2.0,4.0,10.0,64,16,1.01006924373125,1.1574551862223066,12.95068017244339,
60273,1393,0,1032,-7.516,3.874,0.913,2.961,success,36.0,2.5,3.0,4.0,10.0,64,16,0.9390916732812501,1.0722403503793656,13.213577596346537,
64670,1506,0,1032,-7.119,3.82,0.86,2.96,success,36.0,2.5,4.0,4.0,10.0,64,16,0.64002444098125,0.7594340071120249,17.500235215822855,
66071,1617,0,1032,-7.904,3.95,0.988,2.963,success,36.0,2.5,5.0,4.0,10.0,64,16,0.27805653911875,0.3560365063928123,12.80078877210617,
71042,1736,0,1032,-8.591,3.957,0.994,2.963,success,36.0,2.5,6.0,4.0,10.0,64,16,0.12189346498125002,0.16220259148785396,14.29061725139618,
75419,1869,0,1032,-7.846,3.91,0.948,2.962,success,36.0,2.5,7.0,4.0,10.0,64,16,0.05826738945624999,0.08097655801932363,16.502509256203968,
81203,1973,0,1032,-8.598,3.972,1.009,2.963,success,36.0,2.5,8.0,4.0,10.0,64,16,0.033574943924999996,0.05053242287889409,20.263669526576997,
85683,2085,0,1032,-8.401,4.172,1.205,2.967,success,36.0,2.5,9.0,4.0,10.0,64,16,0.024583378184374997,0.04184172145540223,25.252800222237905,
131504,2197,0,1032,-9.922,4.151,1.184,2.966,success,36.0,2.5,10.0,4.0,10.0,64,16,0.0219452739875,0.040049592861202084,30.419184625148773,
160179,2353,0,1032,-9.35,4.028,1.064,2.964,success,36.0,2.5,11.0,4.0,10.0,64,16,0.021599731202343753,0.03995080493353905,20.49777102470398,
69041,777,0,2064,-6.282,4.518,1.544,2.973,success,28.0,2.5,1.0,8.0,10.0,64,16,0.7614010584812501,0.9194911624781473,12.76966315905253,
74721,1289,0,2064,-6.753,4.482,1.51,2.973,success,28.0,2.5,2.0,8.0,10.0,64,16,1.01006924373125,1.1574551862223066,15.891004872322082,
81911,1585,0,2064,-7.549,4.748,1.771,2.978,success,28.0,2.5,3.0,8.0,10.0,64,16,0.9390916732812501,1.0722403503793656,16.148372034231823,
87752,1714,0,2064,-7.814,4.639,1.663,2.975,success,28.0,2.5,4.0,8.0,10.0,64,16,0.64002444098125,0.7594340071120249,20.969107643763223,
87734,1841,0,2064,-7.664,4.719,1.742,2.977,success,28.0,2.5,5.0,8.0,10.0,64,16,0.27805653911875,0.3560365063928123,18.07946853240331,
93249,1970,0,2064,-7.771,4.925,1.944,2.981,success,28.0,2.5,6.0,8.0,10.0,64,16,0.12189346498125002,0.16220259148785396,16.548429151376087,
98451,2121,0,2064,-8.044,4.791,1.812,2.978,success,28.0,2.5,7.0,8.0,10.0,64,16,0.05826738945624999,0.08097655801932363,21.245310135682423,
99679,2250,0,2064,-9.103,4.871,1.891,2.98,success,28.0,2.5,8.0,8.0,10.0,64,16,0.033574943924999996,0.05053242287889409,19.970272147655486,
106705,2377,0,2064,-9.077,4.866,1.887,2.98,success,28.0,2.5,9.0,8.0,10.0,64,16,0.024583378184374997,0.04184172145540223,30.626764146486916,
201780,2505,0,2064,-10.297,5.264,2.276,2.987,success,28.0,2.5,10.0,8.0,10.0,64,16,0.0219452739875,0.040049592861202084,21.02633132537206,
251294,2633,0,2064,-10.196,5.245,2.258,2.987,success,28.0,2.5,11.0,8.0,10.0,64,16,0.021599731202343753,0.03995080493353905,26.8093466202418,
79286,913,0,4128,-7.222,5.846,2.847,2.998,success,24.0,2.5,1.0,16.0,10.0,64,16,0.7614010584812501,0.9194911624781473,20.10216546456019,
84877,1585,0,4128,-8.463,5.519,2.526,2.992,success,24.0,2.5,2.0,16.0,10.0,64,16,1.01006924373125,1.1574551862223066,22.05517832438151,
93274,1969,0,4128,-8.64,5.608,2.614,2.994,success,24.0,2.5,3.0,16.0,10.0,64,16,0.9390916732812501,1.0722403503793656,22.433046392599742,
99780,2129,0,4128,-8.308,5.826,2.828,2.998,success,24.0,2.5,4.0,16.0,10.0,64,16,0.64002444098125,0.7594340071120249,24.27615028222402,
107336,2289,0,4128,-9.175,5.942,2.942,3.0,success,24.0,2.5,5.0,16.0,10.0,64,16,0.27805653911875,0.3560365063928123,25.467803406715394,
113930,2449,0,4128,-9.446,5.966,2.965,3.001,success,24.0,2.5,6.0,16.0,10.0,64,16,0.12189346498125002,0.16220259148785396,24.70555628935496,
120125,2641,0,4128,-9.477,6.02,3.018,3.002,success,24.0,2.5,7.0,16.0,10.0,64,16,0.05826738945624999,0.08097655801932363,26.618502748012542,
127803,2801,0,4128,-9.629,6.123,3.12,3.004,success,24.0,2.5,8.0,16.0,10.0,64,16,0.033574943924999996,0.05053242287889409,30.708704729874928,
133441,2961,0,4128,-10.434,6.3,3.292,3.007,success,24.0,2.5,9.0,16.0,10.0,64,16,0.024583378184374997,0.04184172145540223,37.975995628039044,
322152,3126,0,4128,-11.898,6.243,3.237,3.006,success,24.0,2.5,10.0,16.0,10.0,64,16,0.0219452739875,0.040049592861202084,40.313498163223265,
416800,3287,0,4128,-11.563,6.388,3.379,3.009,success,24.0,2.5,11.0,16.0,10.0,64,16,0.021599731202343753,0.03995080493353905,42.04558668136597,
39012,701,0,258,-5.282,3.266,0.316,2.95,success,84.0,4.0,1.0,1.0,10.0,64,16,0.7614010584812501,0.9194911624781473,8.360082960128784,
41898,1075,0,258,-6.104,3.265,0.315,2.95,success,84.0,4.0,2.0,1.0,10.0,64,16,1.01006924373125,1.1574551862223066,12.484138751029969,
46186,1302,0,258,-6.066,3.311,0.36,2.951,success,84.0,4.0,3.0,1.0,10.0,64,16,0.9390916732812501,1.0722403503793656,13.528131540616354,
48736,1402,0,258,-6.747,3.331,0.38,2.951,success,84.0,4.0,4.0,1.0,10.0,64,16,0.64002444098125,0.7594340071120249,15.302953330675761,
52521,1511,0,258,-7.112,3.339,0.388,2.951,success,84.0,4.0,5.0,1.0,10.0,64,16,0.27805653911875,0.3560365063928123,15.274929149945576,
56063,1610,0,258,-6.958,3.446,0.493,2.953,success,84.0,4.0,6.0,1.0,10.0,64,16,0.12189346498125002,0.16220259148785396,16.84166488647461,
59691,1729,0,258,-7.121,3.356,0.404,2.952,success,84.0,4.0,7.0,1.0,10.0,64,16,0.05826738945624999,0.08097655801932363,17.04723476568858,
62833,1830,0,258,-7.636,3.451,0.498,2.953,success,84.0,4.0,8.0,1.0,10.0,64,16,0.033574943924999996,0.05053242287889409,18.613442599773407,
65973,1928,0,258,-8.014,3.418,0.465,2.953,success,84.0,4.0,9.0,1.0,10.0,64,16,0.024583378184374997,0.04184172145540223,17.37187340656916,
80918,1966,0,258,-8.255,3.446,0.492,2.953,success,84.0,4.0,10.0,1.0,10.0,64,16,0.0219452739875,0.040049592861202084,22.97308940887451,
89957,2066,0,258,-8.204,3.516,0.561,2.955,success,84.0,4.0,11.0,1.0,10.0,64,16,0.021599731202343753,0.03995080493353905,27.375873267650604,
43194,682,0,516,-4.431,3.299,0.348,2.951,success,52.0,4.0,1.0,2.0,10.0,64,16,0.7614010584812501,0.9194911624781473,10.648243327935537,
47854,1079,0,516,-5.427,3.335,0.384,2.951,success,52.0,4.0,2.0,2.0,10.0,64,16,1.01006924373125,1.1574551862223066,19.565862917900084,
52503,1307,0,516,-5.521,3.33,0.378,2.951,success,52.0,4.0,3.0,2.0,10.0,64,16,0.9390916732812501,1.0722403503793656,19.1597798426946,
56027,1401,0,516,-6.456,3.41,0.458,2.953,success,52.0,4.0,4.0,2.0,10.0,64,16,0.64002444098125,0.7594340071120249,18.61616935332616,
60682,1510,0,516,-5.615,3.381,0.429,2.952,success,52.0,4.0,5.0,2.0,10.0,64,16,0.27805653911875,0.3560365063928123,30.390001769860586,
62405,1609,0,516,-6.929,3.477,0.523,2.954,success,52.0,4.0,6.0,2.0,10.0,64,16,0.12189346498125002,0.16220259148785396,20.59440133968989,
67250,1731,0,516,-6.258,3.472,0.519,2.954,success,52.0,4.0,7.0,2.0,10.0,64,16,0.05826738945624999,0.08097655801932363,17.974832920233407,
71950,1835,0,516,-6.643,3.501,0.547,2.954,success,52.0,4.0,8.0,2.0,10.0,64,16,0.033574943924999996,0.05053242287889409,19.649799581368764,
74677,1939,0,516,-7.23,3.504,0.549,2.954,success,52.0,4.0,9.0,2.0,10.0,64,16,0.024583378184374997,0.04184172145540223,22.972800918420155,
100790,2043,0,516,-8.043,3.572,0.617,2.956,success,52.0,4.0,10.0,2.0,10.0,64,16,0.0219452739875,0.040049592861202084,27.088131634394326,
115515,2147,0,516,-7.939,3.521,0.566,2.955,success,52.0,4.0,11.0,2.0,10.0,64,16,0.021599731202343753,0.03995080493353905,28.46495210727056,
51128,720,0,1032,-4.348,3.438,0.485,2.953,success,36.0,4.0,1.0,4.0,10.0,64,16,0.7614010584812501,0.9194911624781473,11.473571503162384,
54490,1142,0,1032,-5.489,3.448,0.495,2.953,success,36.0,4.0,2.0,4.0,10.0,64,16,1.01006924373125,1.1574551862223066,15.770395259062449,
60274,1393,0,1032,-6.255,3.507,0.552,2.954,success,36.0,4.0,3.0,4.0,10.0,64,16,0.9390916732812501,1.0722403503793656,11.591064560413361,
64706,1506,0,1032,-5.637,3.518,0.564,2.955,success,36.0,4.0,4.0,4.0,10.0,64,16,0.64002444098125,0.7594340071120249,15.512105266253153,
66092,1617,0,1032,-6.717,3.518,0.563,2.955,success,36.0,4.0,5.0,4.0,10.0,64,16,0.27805653911875,0.3560365063928123,16.715737402439117,
71031,1736,0,1032,-6.085,3.547,0.592,2.955,success,36.0,4.0,6.0,4.0,10.0,64,16,0.12189346498125002,0.16220259148785396,17.61671451330185,
75408,1869,0,1032,-6.635,3.572,0.616,2.956,success,36.0,4.0,7.0,4.0,10.0,64,16,0.05826738945624999,0.08097655801932363,13.70644644498825,
81218,1973,0,1032,-6.835,3.608,0.652,2.956,success,36.0,4.0,8.0,4.0,10.0,64,16,0.033574943924999996,0.05053242287889409,21.904547969500225,
85638,2085,0,1032,-7.174,3.665,0.707,2.957,success,36.0,4.0,9.0,4.0,10.0,64,16,0.024583378184374997,0.04184172145540223,16.42638716697693,
131484,2197,0,1032,-8.163,3.685,0.728,2.958,success,36.0,4.0,10.0,4.0,10.0,64,16,0.0219452739875,0.040049592861202084,23.083322898546854,
160149,2353,0,1032,-8.105,3.598,0.642,2.956,success,36.0,4.0,11.0,4.0,10.0,64,16,0.021599731202343753,0.03995080493353905,22.44506656328837,
69040,777,0,2064,-4.83,3.931,0.969,2.962,success,28.0,4.0,1.0,8.0,10.0,64,16,0.7614010584812501,0.9194911624781473,12.822117908795674,
74705,1289,0,2064,-4.899,3.908,0.946,2.962,success,28.0,4.0,2.0,8.0,10.0,64,16,1.01006924373125,1.1574551862223066,16.11657117207845,
81885,1585,0,2064,-5.816,3.978,1.015,2.963,success,28.0,4.0,3.0,8.0,10.0,64,16,0.9390916732812501,1.0722403503793656,15.558792547384899,
87736,1714,0,2064,-5.98,4.005,1.041,2.964,success,28.0,4.0,4.0,8.0,10.0,64,16,0.64002444098125,0.7594340071120249,18.977213152249654,
87722,1841,0,2064,-6.43,4.036,1.072,2.964,success,28.0,4.0,5.0,8.0,10.0,64,16,0.27805653911875,0.3560365063928123,21.726369853814443,
93234,1970,0,2064,-6.351,4.093,1.127,2.965,success,28.0,4.0,6.0,8.0,10.0,64,16,0.12189346498125002,0.16220259148785396,16.621445429325103,
98454,2121,0,2064,-7.692,4.079,1.114,2.965,success,28.0,4.0,7.0,8.0,10.0,64,16,0.05826738945624999,0.08097655801932363,20.93792386849721,
99666,2250,0,2064,-7.288,4.098,1.133,2.965,success,28.0,4.0,8.0,8.0,10.0,64,16,0.033574943924999996,0.05053242287889409,21.193184880415597,
106697,2377,0,2064,-7.531,4.145,1.178,2.966,success,28.0,4.0,9.0,8.0,10.0,64,16,0.024583378184374997,0.04184172145540223,32.94314591884613,
0,0,0,0,0.0,0.0,0.0,0.0,"exception: (139, ['/tools/Xilinx/Vivado/2024.1/bin/vivado', '-mode', 'batch', '-source', 'run_vivado.tcl'])",0.0,4.0,,,,64,16,0.0,0.0,10.22226900657018,0.0
251324,2633,0,2064,-8.986,4.362,1.391,2.97,success,28.0,4.0,11.0,8.0,10.0,64,16,0.021599731202343753,0.03995080493353905,28.299677240848542,
79360,913,0,4128,-6.47,4.769,1.791,2.978,success,24.0,4.0,1.0,16.0,10.0,64,16,0.7614010584812501,0.9194911624781473,21.21348129908244,
84826,1585,0,4128,-6.135,4.612,1.637,2.975,success,24.0,4.0,2.0,16.0,10.0,64,16,1.01006924373125,1.1574551862223066,22.97006413936615,
93270,1969,0,4128,-7.59,4.622,1.647,2.975,success,24.0,4.0,3.0,16.0,10.0,64,16,0.9390916732812501,1.0722403503793656,21.85798581043879,
99787,2129,0,4128,-6.608,4.73,1.753,2.977,success,24.0,4.0,4.0,16.0,10.0,64,16,0.64002444098125,0.7594340071120249,24.12573206027349,
107320,2289,0,4128,-7.566,4.819,1.84,2.979,success,24.0,4.0,5.0,16.0,10.0,64,16,0.27805653911875,0.3560365063928123,25.400590300559998,
113919,2449,0,4128,-7.482,4.815,1.836,2.979,success,24.0,4.0,6.0,16.0,10.0,64,16,0.12189346498125002,0.16220259148785396,25.222949612140656,
120115,2641,0,4128,-7.735,4.876,1.896,2.98,success,24.0,4.0,7.0,16.0,10.0,64,16,0.05826738945624999,0.08097655801932363,28.443640279769898,
127804,2801,0,4128,-8.437,4.949,1.967,2.981,success,24.0,4.0,8.0,16.0,10.0,64,16,0.033574943924999996,0.05053242287889409,32.66572470267614,
133437,2961,0,4128,-8.944,5.03,2.047,2.983,success,24.0,4.0,9.0,16.0,10.0,64,16,0.024583378184374997,0.04184172145540223,37.59176630973816,
322122,3126,0,4128,-9.613,5.08,2.097,2.984,success,24.0,4.0,10.0,16.0,10.0,64,16,0.0219452739875,0.040049592861202084,39.96269165277481,
416790,3287,0,4128,-9.925,5.139,2.154,2.985,success,24.0,4.0,11.0,16.0,10.0,64,16,0.021599731202343753,0.03995080493353905,44.197391879558566,
38307,701,0,258,4.739,3.009,0.063,2.945,success,84.0,20.0,1.0,1.0,10.0,64,16,0.7614010584812501,0.9194911624781473,6.486912004152933,
41616,1075,0,258,4.714,3.009,0.064,2.945,success,84.0,20.0,2.0,1.0,10.0,64,16,1.01006924373125,1.1574551862223066,9.987219917774201,
45240,1302,0,258,5.496,3.013,0.067,2.945,success,84.0,20.0,3.0,1.0,10.0,64,16,0.9390916732812501,1.0722403503793656,8.934203390280405,
48631,1402,0,258,5.22,3.023,0.077,2.946,success,84.0,20.0,4.0,1.0,10.0,64,16,0.64002444098125,0.7594340071120249,12.069783731301625,
51973,1511,0,258,4.029,3.024,0.078,2.946,success,84.0,20.0,5.0,1.0,10.0,64,16,0.27805653911875,0.3560365063928123,12.335425472259521,
55472,1610,0,258,3.763,3.037,0.091,2.946,success,84.0,20.0,6.0,1.0,10.0,64,16,0.12189346498125002,0.16220259148785396,16.036043679714204,
59473,1729,0,258,3.711,3.032,0.086,2.946,success,84.0,20.0,7.0,1.0,10.0,64,16,0.05826738945624999,0.08097655801932363,13.1973952293396,
62420,1830,0,258,3.724,3.043,0.097,2.946,success,84.0,20.0,8.0,1.0,10.0,64,16,0.033574943924999996,0.05053242287889409,12.88839549223582,
65734,1928,0,258,2.502,3.039,0.093,2.946,success,84.0,20.0,9.0,1.0,10.0,64,16,0.024583378184374997,0.04184172145540223,12.508920399347941,
80867,1966,0,258,3.569,3.045,0.099,2.946,success,84.0,20.0,10.0,1.0,10.0,64,16,0.0219452739875,0.040049592861202084,19.74289279381434,
89967,2066,0,258,3.142,3.041,0.095,2.946,success,84.0,20.0,11.0,1.0,10.0,64,16,0.021599731202343753,0.03995080493353905,16.941008563836416,
42735,676,0,516,6.821,3.021,0.076,2.946,success,52.0,20.0,1.0,2.0,10.0,64,16,0.7614010584812501,0.9194911624781473,9.650913751125335,
46446,1067,0,516,5.816,3.023,0.077,2.946,success,52.0,20.0,2.0,2.0,10.0,64,16,1.01006924373125,1.1574551862223066,13.155200791358947,
50457,1297,0,516,6.446,3.017,0.072,2.946,success,52.0,20.0,3.0,2.0,10.0,64,16,0.9390916732812501,1.0722403503793656,18.03866928021113,
54334,1401,0,516,4.477,3.031,0.085,2.946,success,52.0,20.0,4.0,2.0,10.0,64,16,0.64002444098125,0.7594340071120249,14.745217017332713,
58125,1505,0,516,5.306,3.036,0.09,2.946,success,52.0,20.0,5.0,2.0,10.0,64,16,0.27805653911875,0.3560365063928123,22.501087260246276,
62049,1609,0,516,3.784,3.049,0.103,2.946,success,52.0,20.0,6.0,2.0,10.0,64,16,0.12189346498125002,0.16220259148785396,15.766954167683918,
67191,1731,0,516,6.208,3.048,0.102,2.946,success,52.0,20.0,7.0,2.0,10.0,64,16,0.05826738945624999,0.08097655801932363,13.8880144238472,
69904,1835,0,516,5.007,3.043,0.097,2.946,success,52.0,20.0,8.0,2.0,10.0,64,16,0.033574943924999996,0.05053242287889409,11.751267234484354,
74067,1939,0,516,5.924,3.052,0.106,2.946,success,52.0,20.0,9.0,2.0,10.0,64,16,0.024583378184374997,0.04184172145540223,17.449581360816957,
100590,2043,0,516,4.617,3.064,0.117,2.946,success,52.0,20.0,10.0,2.0,10.0,64,16,0.0219452739875,0.040049592861202084,19.696868487199147,
115424,2147,0,516,5.196,3.088,0.142,2.947,success,52.0,20.0,11.0,2.0,10.0,64,16,0.021599731202343753,0.03995080493353905,11.521249361832936,
47488,709,0,1032,7.421,3.05,0.104,2.946,success,36.0,20.0,1.0,4.0,10.0,64,16,0.7614010584812501,0.9194911624781473,9.634998750686645,
51191,1141,0,1032,7.004,3.054,0.108,2.946,success,36.0,20.0,2.0,4.0,10.0,64,16,1.01006924373125,1.1574551862223066,8.40233099857966,
55864,1393,0,1032,5.334,3.058,0.112,2.946,success,36.0,20.0,3.0,4.0,10.0,64,16,0.9390916732812501,1.0722403503793656,9.27247226635615,
59899,1505,0,1032,5.327,3.065,0.118,2.946,success,36.0,20.0,4.0,4.0,10.0,64,16,0.64002444098125,0.7594340071120249,10.255017777283987,
64350,1617,0,1032,5.732,3.066,0.12,2.946,success,36.0,20.0,5.0,4.0,10.0,64,16,0.27805653911875,0.3560365063928123,12.403867956002554,
68637,1729,0,1032,4.578,3.068,0.121,2.946,success,36.0,20.0,6.0,4.0,10.0,64,16,0.12189346498125002,0.16220259148785396,10.380289908250173,
75004,1862,0,1032,5.744,3.082,0.135,2.947,success,36.0,20.0,7.0,4.0,10.0,64,16,0.05826738945624999,0.08097655801932363,11.05182178815206,
76891,1973,0,1032,5.484,3.076,0.13,2.947,success,36.0,20.0,8.0,4.0,10.0,64,16,0.033574943924999996,0.05053242287889409,14.054429908593496,
81232,2085,0,1032,4.699,3.09,0.143,2.947,success,36.0,20.0,9.0,4.0,10.0,64,16,0.024583378184374997,0.04184172145540223,16.279843970139822,
131227,2197,0,1032,3.984,3.073,0.126,2.947,success,36.0,20.0,10.0,4.0,10.0,64,16,0.0219452739875,0.040049592861202084,14.768433225154876,
159876,2353,0,1032,3.2,3.091,0.144,2.947,success,36.0,20.0,11.0,4.0,10.0,64,16,0.021599731202343753,0.03995080493353905,15.158367852369944,
62024,777,0,2064,4.873,3.14,0.193,2.948,success,28.0,20.0,1.0,8.0,10.0,64,16,0.7614010584812501,0.9194911624781473,10.021156032880148,
66178,1289,0,2064,4.87,3.137,0.19,2.948,success,28.0,20.0,2.0,8.0,10.0,64,16,1.01006924373125,1.1574551862223066,11.670012652873993,
72387,1585,0,2064,5.044,3.144,0.196,2.948,success,28.0,20.0,3.0,8.0,10.0,64,16,0.9390916732812501,1.0722403503793656,13.113315840562185,
77644,1714,0,2064,4.156,3.15,0.202,2.948,success,28.0,20.0,4.0,8.0,10.0,64,16,0.64002444098125,0.7594340071120249,13.02652200460434,
83420,1841,0,2064,3.413,3.162,0.214,2.948,success,28.0,20.0,5.0,8.0,10.0,64,16,0.27805653911875,0.3560365063928123,13.336932782332102,
88585,1970,0,2064,4.424,3.164,0.216,2.948,success,28.0,20.0,6.0,8.0,10.0,64,16,0.12189346498125002,0.16220259148785396,14.797558836142223,
93523,2121,0,2064,3.704,3.171,0.223,2.948,success,28.0,20.0,7.0,8.0,10.0,64,16,0.05826738945624999,0.08097655801932363,16.24443083604177,
99034,2250,0,2064,3.456,3.182,0.233,2.949,success,28.0,20.0,8.0,8.0,10.0,64,16,0.033574943924999996,0.05053242287889409,14.156907987594604,
106450,2377,0,2064,3.796,3.188,0.239,2.949,success,28.0,20.0,9.0,8.0,10.0,64,16,0.024583378184374997,0.04184172145540223,28.083476444085438,
201589,2505,0,2064,4.087,3.258,0.308,2.95,success,28.0,20.0,10.0,8.0,10.0,64,16,0.0219452739875,0.040049592861202084,16.21848602692286,
251096,2633,0,2064,3.534,3.219,0.27,2.949,success,28.0,20.0,11.0,8.0,10.0,64,16,0.021599731202343753,0.03995080493353905,19.72795270284017,
79123,913,0,4128,4.864,3.292,0.342,2.951,success,24.0,20.0,1.0,16.0,10.0,64,16,0.7614010584812501,0.9194911624781473,18.087247649828594,
83123,1585,0,4128,3.534,3.261,0.311,2.95,success,24.0,20.0,2.0,16.0,10.0,64,16,1.01006924373125,1.1574551862223066,17.89379299879074,
91421,1969,0,4128,3.711,3.269,0.319,2.95,success,24.0,20.0,3.0,16.0,10.0,64,16,0.9390916732812501,1.0722403503793656,18.230430908997853,
97714,2129,0,4128,3.758,3.282,0.331,2.95,success,24.0,20.0,4.0,16.0,10.0,64,16,0.64002444098125,0.7594340071120249,19.494220662117005,
105492,2289,0,4128,3.445,3.289,0.338,2.951,success,24.0,20.0,5.0,16.0,10.0,64,16,0.27805653911875,0.3560365063928123,20.968609591325123,
111594,2449,0,4128,2.945,3.297,0.347,2.951,success,24.0,20.0,6.0,16.0,10.0,64,16,0.12189346498125002,0.16220259148785396,22.028535767396292,
119892,2641,0,4128,2.921,3.299,0.349,2.951,success,24.0,20.0,7.0,16.0,10.0,64,16,0.05826738945624999,0.08097655801932363,22.08054753144582,
124455,2801,0,4128,2.156,3.331,0.379,2.951,success,24.0,20.0,8.0,16.0,10.0,64,16,0.033574943924999996,0.05053242287889409,25.17398291428884,
130897,2961,0,4128,2.084,3.35,0.398,2.952,success,24.0,20.0,9.0,16.0,10.0,64,16,0.024583378184374997,0.04184172145540223,34.93071827888489,
321115,3126,0,4128,1.799,3.359,0.407,2.952,success,24.0,20.0,10.0,16.0,10.0,64,16,0.0219452739875,0.040049592861202084,34.46211903095245,
415952,3287,0,4128,1.981,3.36,0.408,2.952,success,24.0,20.0,11.0,16.0,10.0,64,16,0.021599731202343753,0.03995080493353905,37.70534258286158,
38300,701,0,258,80.004,2.957,0.012,2.944,success,84.0,100.0,1.0,1.0,10.0,64,16,0.7614010584812501,0.9194911624781473,6.691338908672333,
41619,1075,0,258,80.6,2.958,0.014,2.945,success,84.0,100.0,2.0,1.0,10.0,64,16,1.01006924373125,1.1574551862223066,8.82163409392039,
45253,1302,0,258,79.031,2.96,0.015,2.945,success,84.0,100.0,3.0,1.0,10.0,64,16,0.9390916732812501,1.0722403503793656,8.685111776987712,
48592,1403,0,258,80.989,2.961,0.017,2.945,success,84.0,100.0,4.0,1.0,10.0,64,16,0.64002444098125,0.7594340071120249,8.688601529598236,
51984,1511,0,258,78.212,2.962,0.017,2.945,success,84.0,100.0,5.0,1.0,10.0,64,16,0.27805653911875,0.3560365063928123,10.094296363989512,
55506,1610,0,258,77.079,2.961,0.017,2.945,success,84.0,100.0,6.0,1.0,10.0,64,16,0.12189346498125002,0.16220259148785396,12.99583343664805,
58989,1729,0,258,77.077,2.963,0.018,2.945,success,84.0,100.0,7.0,1.0,10.0,64,16,0.05826738945624999,0.08097655801932363,11.538122097651163,
62411,1830,0,258,76.751,2.966,0.021,2.945,success,84.0,100.0,8.0,1.0,10.0,64,16,0.033574943924999996,0.05053242287889409,10.165827139218647,
65767,1928,0,258,73.987,2.966,0.022,2.945,success,84.0,100.0,9.0,1.0,10.0,64,16,0.024583378184374997,0.04184172145540223,11.258628972371419,
80845,1966,0,258,72.485,2.967,0.022,2.945,success,84.0,100.0,10.0,1.0,10.0,64,16,0.0219452739875,0.040049592861202084,14.771895150343576,
89646,2066,0,258,72.771,2.968,0.023,2.945,success,84.0,100.0,11.0,1.0,10.0,64,16,0.021599731202343753,0.03995080493353905,11.972359311580657,
42727,676,0,516,85.356,2.959,0.015,2.945,success,52.0,100.0,1.0,2.0,10.0,64,16,0.7614010584812501,0.9194911624781473,9.351356494426728,
46424,1067,0,516,79.445,2.96,0.016,2.945,success,52.0,100.0,2.0,2.0,10.0,64,16,1.01006924373125,1.1574551862223066,11.484029801686605,
50471,1297,0,516,80.148,2.963,0.018,2.945,success,52.0,100.0,3.0,2.0,10.0,64,16,0.9390916732812501,1.0722403503793656,15.332312965393067,
54294,1401,0,516,81.892,2.962,0.018,2.945,success,52.0,100.0,4.0,2.0,10.0,64,16,0.64002444098125,0.7594340071120249,11.596847697099049,
58093,1505,0,516,80.418,2.964,0.019,2.945,success,52.0,100.0,5.0,2.0,10.0,64,16,0.27805653911875,0.3560365063928123,22.629971611499787,
62027,1609,0,516,73.343,2.966,0.021,2.945,success,52.0,100.0,6.0,2.0,10.0,64,16,0.12189346498125002,0.16220259148785396,14.238892245292664,
66024,1731,0,516,79.799,2.966,0.021,2.945,success,52.0,100.0,7.0,2.0,10.0,64,16,0.05826738945624999,0.08097655801932363,9.76713497241338,
69896,1835,0,516,79.658,2.967,0.022,2.945,success,52.0,100.0,8.0,2.0,10.0,64,16,0.033574943924999996,0.05053242287889409,12.384374396006267,
74050,1939,0,516,78.792,2.968,0.024,2.945,success,52.0,100.0,9.0,2.0,10.0,64,16,0.024583378184374997,0.04184172145540223,11.954819738864899,
100634,2043,0,516,77.668,2.97,0.025,2.945,success,52.0,100.0,10.0,2.0,10.0,64,16,0.0219452739875,0.040049592861202084,11.883274145921071,
115388,2147,0,516,77.509,2.973,0.029,2.945,success,52.0,100.0,11.0,2.0,10.0,64,16,0.021599731202343753,0.03995080493353905,11.02859038511912,
47467,709,0,1032,86.3,2.965,0.02,2.945,success,36.0,100.0,1.0,4.0,10.0,64,16,0.7614010584812501,0.9194911624781473,10.78640482823054,
51213,1141,0,1032,80.542,2.966,0.021,2.945,success,36.0,100.0,2.0,4.0,10.0,64,16,1.01006924373125,1.1574551862223066,9.076976772149404,
55839,1393,0,1032,83.021,2.967,0.022,2.945,success,36.0,100.0,3.0,4.0,10.0,64,16,0.9390916732812501,1.0722403503793656,8.802000765005747,
59875,1505,0,1032,80.486,2.969,0.024,2.945,success,36.0,100.0,4.0,4.0,10.0,64,16,0.64002444098125,0.7594340071120249,9.953066476186116,
64342,1617,0,1032,81.387,2.969,0.024,2.945,success,36.0,100.0,5.0,4.0,10.0,64,16,0.27805653911875,0.3560365063928123,10.612575860818227,
68668,1729,0,1032,81.762,2.97,0.025,2.945,success,36.0,100.0,6.0,4.0,10.0,64,16,0.12189346498125002,0.16220259148785396,11.328219854831696,
72622,1862,0,1032,75.391,2.97,0.025,2.945,success,36.0,100.0,7.0,4.0,10.0,64,16,0.05826738945624999,0.08097655801932363,8.855255953470866,
76877,1973,0,1032,77.7,2.973,0.029,2.945,success,36.0,100.0,8.0,4.0,10.0,64,16,0.033574943924999996,0.05053242287889409,10.656336490313212,
81188,2085,0,1032,79.218,2.972,0.028,2.945,success,36.0,100.0,9.0,4.0,10.0,64,16,0.024583378184374997,0.04184172145540223,15.032329817612966,
131224,2197,0,1032,74.185,2.973,0.028,2.945,success,36.0,100.0,10.0,4.0,10.0,64,16,0.0219452739875,0.040049592861202084,11.772215016682942,
158255,2352,0,1032,75.319,2.978,0.033,2.945,success,36.0,100.0,11.0,4.0,10.0,64,16,0.021599731202343753,0.03995080493353905,14.418452433745067,
62032,777,0,2064,85.38,2.984,0.039,2.945,success,28.0,100.0,1.0,8.0,10.0,64,16,0.7614010584812501,0.9194911624781473,9.975717786947886,
66203,1289,0,2064,76.795,2.984,0.039,2.945,success,28.0,100.0,2.0,8.0,10.0,64,16,1.01006924373125,1.1574551862223066,10.843118000030518,
72373,1585,0,2064,75.65,2.985,0.04,2.945,success,28.0,100.0,3.0,8.0,10.0,64,16,0.9390916732812501,1.0722403503793656,11.59928339322408,
77651,1714,0,2064,77.691,2.99,0.045,2.945,success,28.0,100.0,4.0,8.0,10.0,64,16,0.64002444098125,0.7594340071120249,12.125909455617268,
83404,1841,0,2064,80.135,2.987,0.042,2.945,success,28.0,100.0,5.0,8.0,10.0,64,16,0.27805653911875,0.3560365063928123,13.729986802736919,
88601,1970,0,2064,76.494,2.989,0.044,2.945,success,28.0,100.0,6.0,8.0,10.0,64,16,0.12189346498125002,0.16220259148785396,13.797364922364553,
93510,2121,0,2064,79.073,2.995,0.05,2.945,success,28.0,100.0,7.0,8.0,10.0,64,16,0.05826738945624999,0.08097655801932363,13.141741601626078,
99064,2250,0,2064,75.906,2.992,0.047,2.945,success,28.0,100.0,8.0,8.0,10.0,64,16,0.033574943924999996,0.05053242287889409,13.036163540681203,
103864,2377,0,2064,73.252,2.998,0.053,2.945,success,28.0,100.0,9.0,8.0,10.0,64,16,0.024583378184374997,0.04184172145540223,23.35404719909032,
201567,2505,0,2064,79.358,3.008,0.062,2.945,success,28.0,100.0,10.0,8.0,10.0,64,16,0.0219452739875,0.040049592861202084,16.102112944920858,
251155,2633,0,2064,78.326,3.002,0.057,2.945,success,28.0,100.0,11.0,8.0,10.0,64,16,0.021599731202343753,0.03995080493353905,19.694658478101093,
79118,913,0,4128,82.682,3.012,0.067,2.945,success,24.0,100.0,1.0,16.0,10.0,64,16,0.7614010584812501,0.9194911624781473,18.07333322763443,
83171,1585,0,4128,72.09,3.008,0.063,2.945,success,24.0,100.0,2.0,16.0,10.0,64,16,1.01006924373125,1.1574551862223066,18.55056083202362,
91453,1969,0,4128,76.736,3.011,0.065,2.945,success,24.0,100.0,3.0,16.0,10.0,64,16,0.9390916732812501,1.0722403503793656,19.002088208993275,
97742,2129,0,4128,75.994,3.012,0.066,2.945,success,24.0,100.0,4.0,16.0,10.0,64,16,0.64002444098125,0.7594340071120249,19.46386590798696,
105451,2289,0,4128,77.154,3.014,0.069,2.946,success,24.0,100.0,5.0,16.0,10.0,64,16,0.27805653911875,0.3560365063928123,20.439110108216603,
111631,2449,0,4128,76.555,3.015,0.069,2.946,success,24.0,100.0,6.0,16.0,10.0,64,16,0.12189346498125002,0.16220259148785396,21.519370424747468,
117788,2641,0,4128,76.324,3.015,0.07,2.946,success,24.0,100.0,7.0,16.0,10.0,64,16,0.05826738945624999,0.08097655801932363,22.02466812928518,
124515,2801,0,4128,75.583,3.018,0.073,2.946,success,24.0,100.0,8.0,16.0,10.0,64,16,0.033574943924999996,0.05053242287889409,24.960684744517007,
130847,2961,0,4128,75.792,3.025,0.079,2.946,success,24.0,100.0,9.0,16.0,10.0,64,16,0.024583378184374997,0.04184172145540223,34.069869017601015,
321151,3126,0,4128,69.448,3.022,0.076,2.946,success,24.0,100.0,10.0,16.0,10.0,64,16,0.0219452739875,0.040049592861202084,33.77403226296107,
416072,3287,0,4128,74.973,3.022,0.077,2.946,success,24.0,100.0,11.0,16.0,10.0,64,16,0.021599731202343753,0.03995080493353905,36.315104230244955,
38295,701,0,258,478.559,2.947,0.003,2.944,success,84.0,500.0,1.0,1.0,10.0,64,16,0.7614010584812501,0.9194911624781473,6.668366249402364,
41629,1075,0,258,477.042,2.947,0.003,2.944,success,84.0,500.0,2.0,1.0,10.0,64,16,1.01006924373125,1.1574551862223066,7.540302046140035,
45243,1302,0,258,476.815,2.948,0.003,2.944,success,84.0,500.0,3.0,1.0,10.0,64,16,0.9390916732812501,1.0722403503793656,8.213982514540355,
48571,1403,0,258,476.258,2.948,0.003,2.944,success,84.0,500.0,4.0,1.0,10.0,64,16,0.64002444098125,0.7594340071120249,10.249561365445455,
51979,1511,0,258,477.265,2.948,0.004,2.944,success,84.0,500.0,5.0,1.0,10.0,64,16,0.27805653911875,0.3560365063928123,10.79516969124476,
55518,1610,0,258,475.617,2.948,0.004,2.944,success,84.0,500.0,6.0,1.0,10.0,64,16,0.12189346498125002,0.16220259148785396,12.919063770771027,
59013,1729,0,258,475.017,2.948,0.004,2.944,success,84.0,500.0,7.0,1.0,10.0,64,16,0.05826738945624999,0.08097655801932363,13.142244406541188,
62420,1830,0,258,473.006,2.949,0.004,2.944,success,84.0,500.0,8.0,1.0,10.0,64,16,0.033574943924999996,0.05053242287889409,9.944859600067138,
65761,1928,0,258,475.91,2.949,0.005,2.944,success,84.0,500.0,9.0,1.0,10.0,64,16,0.024583378184374997,0.04184172145540223,11.643151259422302,
80814,1966,0,258,474.646,2.949,0.004,2.944,success,84.0,500.0,10.0,1.0,10.0,64,16,0.0219452739875,0.040049592861202084,17.041597755750022,
89647,2066,0,258,468.312,2.949,0.005,2.944,success,84.0,500.0,11.0,1.0,10.0,64,16,0.021599731202343753,0.03995080493353905,11.97391735315323,
42729,676,0,516,482.7,2.947,0.003,2.944,success,52.0,500.0,1.0,2.0,10.0,64,16,0.7614010584812501,0.9194911624781473,9.011867372194926,
46427,1067,0,516,479.533,2.948,0.003,2.944,success,52.0,500.0,2.0,2.0,10.0,64,16,1.01006924373125,1.1574551862223066,11.627108426888784,
50476,1297,0,516,480.24,2.948,0.003,2.944,success,52.0,500.0,3.0,2.0,10.0,64,16,0.9390916732812501,1.0722403503793656,14.686378598213196,
54295,1401,0,516,478.906,2.948,0.004,2.944,success,52.0,500.0,4.0,2.0,10.0,64,16,0.64002444098125,0.7594340071120249,11.641095753510793,
58093,1505,0,516,481.851,2.948,0.004,2.944,success,52.0,500.0,5.0,2.0,10.0,64,16,0.27805653911875,0.3560365063928123,22.70885077317556,
62027,1609,0,516,479.186,2.948,0.004,2.944,success,52.0,500.0,6.0,2.0,10.0,64,16,0.12189346498125002,0.16220259148785396,14.647524265448252,
66024,1731,0,516,475.116,2.949,0.004,2.944,success,52.0,500.0,7.0,2.0,10.0,64,16,0.05826738945624999,0.08097655801932363,9.947752650578817,
69896,1835,0,516,476.271,2.949,0.004,2.944,success,52.0,500.0,8.0,2.0,10.0,64,16,0.033574943924999996,0.05053242287889409,9.60233832995097,
74036,1939,0,516,477.263,2.949,0.005,2.944,success,52.0,500.0,9.0,2.0,10.0,64,16,0.024583378184374997,0.04184172145540223,12.357827615737914,
100640,2043,0,516,477.045,2.949,0.005,2.944,success,52.0,500.0,10.0,2.0,10.0,64,16,0.0219452739875,0.040049592861202084,12.161850571632385,
115388,2147,0,516,473.047,2.95,0.005,2.944,success,52.0,500.0,11.0,2.0,10.0,64,16,0.021599731202343753,0.03995080493353905,10.677238587538401,
47482,709,0,1032,485.094,2.949,0.004,2.944,success,36.0,500.0,1.0,4.0,10.0,64,16,0.7614010584812501,0.9194911624781473,10.135416352748871,
51195,1141,0,1032,482.083,2.949,0.004,2.944,success,36.0,500.0,2.0,4.0,10.0,64,16,1.01006924373125,1.1574551862223066,9.173077841599783,
55861,1393,0,1032,480.99,2.949,0.005,2.944,success,36.0,500.0,3.0,4.0,10.0,64,16,0.9390916732812501,1.0722403503793656,8.711113754908244,
59917,1505,0,1032,480.084,2.949,0.005,2.944,success,36.0,500.0,4.0,4.0,10.0,64,16,0.64002444098125,0.7594340071120249,9.639346905549367,
64338,1617,0,1032,479.476,2.949,0.005,2.944,success,36.0,500.0,5.0,4.0,10.0,64,16,0.27805653911875,0.3560365063928123,10.37683315674464,
68671,1729,0,1032,479.497,2.949,0.005,2.944,success,36.0,500.0,6.0,4.0,10.0,64,16,0.12189346498125002,0.16220259148785396,10.03797843058904,
72607,1862,0,1032,473.973,2.95,0.005,2.944,success,36.0,500.0,7.0,4.0,10.0,64,16,0.05826738945624999,0.08097655801932363,8.774832566579184,
76923,1973,0,1032,476.705,2.95,0.005,2.944,success,36.0,500.0,8.0,4.0,10.0,64,16,0.033574943924999996,0.05053242287889409,12.18369847536087,
81190,2085,0,1032,474.662,2.95,0.006,2.944,success,36.0,500.0,9.0,4.0,10.0,64,16,0.024583378184374997,0.04184172145540223,14.505679400761922,
131229,2197,0,1032,470.212,2.95,0.006,2.944,success,36.0,500.0,10.0,4.0,10.0,64,16,0.0219452739875,0.040049592861202084,11.496831687291463,
158289,2352,0,1032,473.972,2.951,0.007,2.944,success,36.0,500.0,11.0,4.0,10.0,64,16,0.021599731202343753,0.03995080493353905,14.750818872451783,
62028,777,0,2064,485.871,2.952,0.008,2.944,success,28.0,500.0,1.0,8.0,10.0,64,16,0.7614010584812501,0.9194911624781473,10.031968784332275,
66206,1289,0,2064,475.852,2.952,0.008,2.944,success,28.0,500.0,2.0,8.0,10.0,64,16,1.01006924373125,1.1574551862223066,10.882439517974854,
72385,1585,0,2064,477.487,2.953,0.008,2.944,success,28.0,500.0,3.0,8.0,10.0,64,16,0.9390916732812501,1.0722403503793656,11.605687808990478,
77649,1714,0,2064,473.866,2.954,0.009,2.944,success,28.0,500.0,4.0,8.0,10.0,64,16,0.64002444098125,0.7594340071120249,11.944292374451955,
83397,1841,0,2064,477.292,2.953,0.009,2.944,success,28.0,500.0,5.0,8.0,10.0,64,16,0.27805653911875,0.3560365063928123,13.281351010004679,
88602,1970,0,2064,479.201,2.954,0.009,2.944,success,28.0,500.0,6.0,8.0,10.0,64,16,0.12189346498125002,0.16220259148785396,13.07252513964971,
93514,2121,0,2064,477.03,2.954,0.009,2.944,success,28.0,500.0,7.0,8.0,10.0,64,16,0.05826738945624999,0.08097655801932363,13.347422921657563,
99046,2250,0,2064,478.856,2.954,0.01,2.944,success,28.0,500.0,8.0,8.0,10.0,64,16,0.033574943924999996,0.05053242287889409,13.5522709886233,
103875,2377,0,2064,474.279,2.955,0.011,2.944,success,28.0,500.0,9.0,8.0,10.0,64,16,0.024583378184374997,0.04184172145540223,23.10368541876475,
201564,2505,0,2064,478.945,2.957,0.013,2.944,success,28.0,500.0,10.0,8.0,10.0,64,16,0.0219452739875,0.040049592861202084,15.701069843769073,
251177,2633,0,2064,478.549,2.956,0.012,2.944,success,28.0,500.0,11.0,8.0,10.0,64,16,0.021599731202343753,0.03995080493353905,19.88181485335032,
79102,913,0,4128,480.086,2.958,0.014,2.945,success,24.0,500.0,1.0,16.0,10.0,64,16,0.7614010584812501,0.9194911624781473,17.994251851240794,
83197,1585,0,4128,479.478,2.957,0.013,2.944,success,24.0,500.0,2.0,16.0,10.0,64,16,1.01006924373125,1.1574551862223066,18.429084459940594,
91457,1969,0,4128,474.848,2.958,0.014,2.945,success,24.0,500.0,3.0,16.0,10.0,64,16,0.9390916732812501,1.0722403503793656,19.050226950645445,
97737,2129,0,4128,468.123,2.958,0.014,2.945,success,24.0,500.0,4.0,16.0,10.0,64,16,0.64002444098125,0.7594340071120249,19.38259617884954,
105460,2289,0,4128,474.805,2.959,0.014,2.945,success,24.0,500.0,5.0,16.0,10.0,64,16,0.27805653911875,0.3560365063928123,20.564843130111694,
111593,2449,0,4128,470.173,2.959,0.015,2.945,success,24.0,500.0,6.0,16.0,10.0,64,16,0.12189346498125002,0.16220259148785396,22.0324791709582,
117821,2641,0,4128,475.277,2.959,0.014,2.945,success,24.0,500.0,7.0,16.0,10.0,64,16,0.05826738945624999,0.08097655801932363,21.71294019619624,
124512,2801,0,4128,475.309,2.959,0.015,2.945,success,24.0,500.0,8.0,16.0,10.0,64,16,0.033574943924999996,0.05053242287889409,25.084220139185586,
130871,2961,0,4128,474.63,2.961,0.016,2.945,success,24.0,500.0,9.0,16.0,10.0,64,16,0.024583378184374997,0.04184172145540223,33.54469245274861,
321244,3126,0,4128,474.555,2.96,0.016,2.945,success,24.0,500.0,10.0,16.0,10.0,64,16,0.0219452739875,0.040049592861202084,33.6081991314888,
416072,3287,0,4128,475.609,2.961,0.017,2.945,success,24.0,500.0,11.0,16.0,10.0,64,16,0.021599731202343753,0.03995080493353905,36.068635336558025,
38288,701,0,258,978.99,2.946,0.002,2.944,success,84.0,1000.0,1.0,1.0,10.0,64,16,0.7614010584812501,0.9194911624781473,7.170766194661458,
41618,1075,0,258,975.995,2.946,0.002,2.944,success,84.0,1000.0,2.0,1.0,10.0,64,16,1.01006924373125,1.1574551862223066,8.71050375699997,
45251,1302,0,258,978.414,2.946,0.002,2.944,success,84.0,1000.0,3.0,1.0,10.0,64,16,0.9390916732812501,1.0722403503793656,8.154051927725474,
48580,1403,0,258,976.053,2.946,0.002,2.944,success,84.0,1000.0,4.0,1.0,10.0,64,16,0.64002444098125,0.7594340071120249,9.41634822289149,
51974,1511,0,258,973.007,2.946,0.002,2.944,success,84.0,1000.0,5.0,1.0,10.0,64,16,0.27805653911875,0.3560365063928123,10.486167565981548,
55500,1610,0,258,973.275,2.946,0.002,2.944,success,84.0,1000.0,6.0,1.0,10.0,64,16,0.12189346498125002,0.16220259148785396,13.448453931013743,
59011,1729,0,258,975.204,2.946,0.002,2.944,success,84.0,1000.0,7.0,1.0,10.0,64,16,0.05826738945624999,0.08097655801932363,11.67029540538788,
62407,1830,0,258,975.631,2.947,0.002,2.944,success,84.0,1000.0,8.0,1.0,10.0,64,16,0.033574943924999996,0.05053242287889409,10.787385912736257,
65756,1928,0,258,975.784,2.947,0.002,2.944,success,84.0,1000.0,9.0,1.0,10.0,64,16,0.024583378184374997,0.04184172145540223,11.236905872821808,
80822,1966,0,258,975.306,2.947,0.002,2.944,success,84.0,1000.0,10.0,1.0,10.0,64,16,0.0219452739875,0.040049592861202084,14.567236642042795,
89634,2066,0,258,971.401,2.947,0.003,2.944,success,84.0,1000.0,11.0,1.0,10.0,64,16,0.021599731202343753,0.03995080493353905,13.346798356374105,
42729,676,0,516,983.054,2.946,0.002,2.944,success,52.0,1000.0,1.0,2.0,10.0,64,16,0.7614010584812501,0.9194911624781473,9.152533157666523,
46421,1067,0,516,980.469,2.946,0.002,2.944,success,52.0,1000.0,2.0,2.0,10.0,64,16,1.01006924373125,1.1574551862223066,11.508802711963654,
50478,1297,0,516,976.537,2.946,0.002,2.944,success,52.0,1000.0,3.0,2.0,10.0,64,16,0.9390916732812501,1.0722403503793656,14.158350050449371,
54292,1401,0,516,980.24,2.946,0.002,2.944,success,52.0,1000.0,4.0,2.0,10.0,64,16,0.64002444098125,0.7594340071120249,11.523870233694712,
58091,1505,0,516,979.845,2.946,0.002,2.944,success,52.0,1000.0,5.0,2.0,10.0,64,16,0.27805653911875,0.3560365063928123,22.44653489589691,
62037,1609,0,516,977.111,2.947,0.002,2.944,success,52.0,1000.0,6.0,2.0,10.0,64,16,0.12189346498125002,0.16220259148785396,14.25777953863144,
66015,1731,0,516,979.221,2.947,0.002,2.944,success,52.0,1000.0,7.0,2.0,10.0,64,16,0.05826738945624999,0.08097655801932363,9.233843870957692,
69910,1835,0,516,977.414,2.947,0.002,2.944,success,52.0,1000.0,8.0,2.0,10.0,64,16,0.033574943924999996,0.05053242287889409,10.654115454355876,
74038,1939,0,516,977.937,2.947,0.002,2.944,success,52.0,1000.0,9.0,2.0,10.0,64,16,0.024583378184374997,0.04184172145540223,11.541578920682271,
100625,2043,0,516,974.932,2.947,0.003,2.944,success,52.0,1000.0,10.0,2.0,10.0,64,16,0.0219452739875,0.040049592861202084,10.88143386443456,
115389,2147,0,516,973.729,2.947,0.003,2.944,success,52.0,1000.0,11.0,2.0,10.0,64,16,0.021599731202343753,0.03995080493353905,12.65147372086843,
47482,709,0,1032,985.807,2.947,0.002,2.944,success,36.0,1000.0,1.0,4.0,10.0,64,16,0.7614010584812501,0.9194911624781473,9.565304680665333,
51192,1141,0,1032,980.272,2.947,0.002,2.944,success,36.0,1000.0,2.0,4.0,10.0,64,16,1.01006924373125,1.1574551862223066,8.216398207346598,
55838,1393,0,1032,980.321,2.947,0.003,2.944,success,36.0,1000.0,3.0,4.0,10.0,64,16,0.9390916732812501,1.0722403503793656,7.551976346969605,
59880,1505,0,1032,977.642,2.947,0.003,2.944,success,36.0,1000.0,4.0,4.0,10.0,64,16,0.64002444098125,0.7594340071120249,9.916859944661459,
64326,1617,0,1032,979.784,2.947,0.003,2.944,success,36.0,1000.0,5.0,4.0,10.0,64,16,0.27805653911875,0.3560365063928123,9.13153612613678,
68694,1729,0,1032,978.928,2.947,0.003,2.944,success,36.0,1000.0,6.0,4.0,10.0,64,16,0.12189346498125002,0.16220259148785396,10.549125107129415,
72612,1862,0,1032,978.084,2.947,0.003,2.944,success,36.0,1000.0,7.0,4.0,10.0,64,16,0.05826738945624999,0.08097655801932363,8.754952923456829,
76903,1973,0,1032,978.505,2.947,0.003,2.944,success,36.0,1000.0,8.0,4.0,10.0,64,16,0.033574943924999996,0.05053242287889409,13.46957861185074,
81190,2085,0,1032,976.651,2.947,0.003,2.944,success,36.0,1000.0,9.0,4.0,10.0,64,16,0.024583378184374997,0.04184172145540223,15.348849749565124,
131210,2197,0,1032,976.599,2.947,0.003,2.944,success,36.0,1000.0,10.0,4.0,10.0,64,16,0.0219452739875,0.040049592861202084,11.456496524810792,
158272,2352,0,1032,972.586,2.948,0.004,2.944,success,36.0,1000.0,11.0,4.0,10.0,64,16,0.021599731202343753,0.03995080493353905,14.513473796844483,
62026,777,0,2064,986.553,2.949,0.004,2.944,success,28.0,1000.0,1.0,8.0,10.0,64,16,0.7614010584812501,0.9194911624781473,9.967925687630972,
66206,1289,0,2064,978.013,2.949,0.004,2.944,success,28.0,1000.0,2.0,8.0,10.0,64,16,1.01006924373125,1.1574551862223066,10.916830317179363,
72377,1585,0,2064,979.525,2.949,0.004,2.944,success,28.0,1000.0,3.0,8.0,10.0,64,16,0.9390916732812501,1.0722403503793656,11.565680694580077,
77663,1714,0,2064,978.315,2.949,0.005,2.944,success,28.0,1000.0,4.0,8.0,10.0,64,16,0.64002444098125,0.7594340071120249,11.990996813774109,
83407,1841,0,2064,978.926,2.949,0.005,2.944,success,28.0,1000.0,5.0,8.0,10.0,64,16,0.27805653911875,0.3560365063928123,13.14786022901535,
88598,1970,0,2064,978.305,2.949,0.005,2.944,success,28.0,1000.0,6.0,8.0,10.0,64,16,0.12189346498125002,0.16220259148785396,13.170230213801066,
93509,2121,0,2064,977.619,2.949,0.005,2.944,success,28.0,1000.0,7.0,8.0,10.0,64,16,0.05826738945624999,0.08097655801932363,12.719870666662851,
99055,2250,0,2064,978.074,2.949,0.005,2.944,success,28.0,1000.0,8.0,8.0,10.0,64,16,0.033574943924999996,0.05053242287889409,13.45023238658905,
103876,2377,0,2064,975.823,2.95,0.006,2.944,success,28.0,1000.0,9.0,8.0,10.0,64,16,0.024583378184374997,0.04184172145540223,22.624780321121214,
201564,2505,0,2064,966.841,2.951,0.007,2.944,success,28.0,1000.0,10.0,8.0,10.0,64,16,0.0219452739875,0.040049592861202084,15.886379969120025,
251172,2633,0,2064,978.135,2.951,0.006,2.944,success,28.0,1000.0,11.0,8.0,10.0,64,16,0.021599731202343753,0.03995080493353905,19.661677698294323,
79102,913,0,4128,981.176,2.951,0.007,2.944,success,24.0,1000.0,1.0,16.0,10.0,64,16,0.7614010584812501,0.9194911624781473,18.055329676469167,
83197,1585,0,4128,977.294,2.951,0.006,2.944,success,24.0,1000.0,2.0,16.0,10.0,64,16,1.01006924373125,1.1574551862223066,18.598162504037223,
91445,1969,0,4128,978.377,2.951,0.007,2.944,success,24.0,1000.0,3.0,16.0,10.0,64,16,0.9390916732812501,1.0722403503793656,18.899018669128417,
97733,2129,0,4128,975.567,2.952,0.007,2.944,success,24.0,1000.0,4.0,16.0,10.0,64,16,0.64002444098125,0.7594340071120249,19.394824294249215,
105488,2289,0,4128,976.216,2.952,0.007,2.944,success,24.0,1000.0,5.0,16.0,10.0,64,16,0.27805653911875,0.3560365063928123,20.439582709471384,
111628,2449,0,4128,975.861,2.952,0.007,2.944,success,24.0,1000.0,6.0,16.0,10.0,64,16,0.12189346498125002,0.16220259148785396,21.8504900932312,
117803,2641,0,4128,974.769,2.952,0.007,2.944,success,24.0,1000.0,7.0,16.0,10.0,64,16,0.05826738945624999,0.08097655801932363,22.027662845452628,
124498,2801,0,4128,974.878,2.952,0.007,2.944,success,24.0,1000.0,8.0,16.0,10.0,64,16,0.033574943924999996,0.05053242287889409,25.12210210164388,
130848,2961,0,4128,974.186,2.952,0.008,2.944,success,24.0,1000.0,9.0,16.0,10.0,64,16,0.024583378184374997,0.04184172145540223,34.62598322629928,
321258,3126,0,4128,973.839,2.952,0.008,2.944,success,24.0,1000.0,10.0,16.0,10.0,64,16,0.0219452739875,0.040049592861202084,33.40780935287476,
416078,3287,0,4128,977.838,2.953,0.008,2.944,success,24.0,1000.0,11.0,16.0,10.0,64,16,0.021599731202343753,0.03995080493353905,36.5399610042572,
