LUTs,Registers,BRAMs,DSPs,WNS (ns),Total Power (W),Dynamic Power (W),Static Power (W),result,Cycles,Clock Period,Frac Width,Num Parallel,Int Bits,D,H,MAE,RMSE,Execution Time (m)
87503,1913,0,2064,-8.233,5.095,2.111,2.984,success,84.0,2.0,1,1,10,64,16,0.7614010584812501,0.9194911624781473,23.106598619620005
87503,1913,0,2064,-8.233,5.095,2.111,2.984,success,84.0,2.0,2,1,10,64,16,1.01006924373125,1.1574551862223066,22.97392896016439
87503,1913,0,2064,-8.233,5.095,2.111,2.984,success,84.0,2.0,3,1,10,64,16,0.9390916732812501,1.0722403503793656,23.038514459133147
87503,1913,0,2064,-8.233,5.095,2.111,2.984,success,84.0,2.0,4,1,10,64,16,0.64002444098125,0.7594340071120249,23.010634938875835
87503,1913,0,2064,-8.233,5.095,2.111,2.984,success,84.0,2.0,5,1,10,64,16,0.27805653911875,0.3560365063928123,23.036943233013154
87503,1913,0,2064,-8.233,5.095,2.111,2.984,success,84.0,2.0,6,1,10,64,16,0.12189346498125002,0.16220259148785396,23.007207779089608
87503,1913,0,2064,-8.233,5.095,2.111,2.984,success,84.0,2.0,7,1,10,64,16,0.05826738945624999,0.08097655801932363,22.96045780579249
87503,1913,0,2064,-8.233,5.095,2.111,2.984,success,84.0,2.0,8,1,10,64,16,0.033574943924999996,0.05053242287889409,23.153411980470022
87503,1913,0,2064,-8.233,5.095,2.111,2.984,success,84.0,2.0,9,1,10,64,16,0.024583378184374997,0.04184172145540223,23.007746998469035
87503,1913,0,2064,-8.233,5.095,2.111,2.984,success,84.0,2.0,10,1,10,64,16,0.0219452739875,0.040049592861202084,23.016206979751587
87503,1913,0,2064,-8.233,5.095,2.111,2.984,success,84.0,2.0,11,1,10,64,16,0.021599731202343753,0.03995080493353905,23.22458760738373
87505,1913,0,2064,-7.827,4.709,1.732,2.977,success,84.0,2.5,1,1,10,64,16,0.7614010584812501,0.9194911624781473,18.698646501700082
87505,1913,0,2064,-7.827,4.709,1.732,2.977,success,84.0,2.5,2,1,10,64,16,1.01006924373125,1.1574551862223066,18.889141074816386
87505,1913,0,2064,-7.827,4.709,1.732,2.977,success,84.0,2.5,3,1,10,64,16,0.9390916732812501,1.0722403503793656,18.749917276700337
87505,1913,0,2064,-7.827,4.709,1.732,2.977,success,84.0,2.5,4,1,10,64,16,0.64002444098125,0.7594340071120249,18.754920172691346
87505,1913,0,2064,-7.827,4.709,1.732,2.977,success,84.0,2.5,5,1,10,64,16,0.27805653911875,0.3560365063928123,18.727619727452595
87505,1913,0,2064,-7.827,4.709,1.732,2.977,success,84.0,2.5,6,1,10,64,16,0.12189346498125002,0.16220259148785396,18.69447153011958
87505,1913,0,2064,-7.827,4.709,1.732,2.977,success,84.0,2.5,7,1,10,64,16,0.05826738945624999,0.08097655801932363,18.947450105349223
87505,1913,0,2064,-7.827,4.709,1.732,2.977,success,84.0,2.5,8,1,10,64,16,0.033574943924999996,0.05053242287889409,18.837636244297027
87505,1913,0,2064,-7.827,4.709,1.732,2.977,success,84.0,2.5,9,1,10,64,16,0.024583378184374997,0.04184172145540223,18.764299837748208
87505,1913,0,2064,-7.827,4.709,1.732,2.977,success,84.0,2.5,10,1,10,64,16,0.0219452739875,0.040049592861202084,18.724542208512624
87505,1913,0,2064,-7.827,4.709,1.732,2.977,success,84.0,2.5,11,1,10,64,16,0.021599731202343753,0.03995080493353905,18.697232846419016
87498,1913,0,2064,-6.242,4.02,1.056,2.964,success,84.0,4.0,1,1,10,64,16,0.7614010584812501,0.9194911624781473,21.744874493281046
87498,1913,0,2064,-6.242,4.02,1.056,2.964,success,84.0,4.0,2,1,10,64,16,1.01006924373125,1.1574551862223066,21.71308788061142
87498,1913,0,2064,-6.242,4.02,1.056,2.964,success,84.0,4.0,3,1,10,64,16,0.9390916732812501,1.0722403503793656,21.70636557340622
87498,1913,0,2064,-6.242,4.02,1.056,2.964,success,84.0,4.0,4,1,10,64,16,0.64002444098125,0.7594340071120249,21.814888433615366
87498,1913,0,2064,-6.242,4.02,1.056,2.964,success,84.0,4.0,5,1,10,64,16,0.27805653911875,0.3560365063928123,21.676139398415884
87498,1913,0,2064,-6.242,4.02,1.056,2.964,success,84.0,4.0,6,1,10,64,16,0.12189346498125002,0.16220259148785396,21.661559748649598
87498,1913,0,2064,-6.242,4.02,1.056,2.964,success,84.0,4.0,7,1,10,64,16,0.05826738945624999,0.08097655801932363,21.613379792372385
87498,1913,0,2064,-6.242,4.02,1.056,2.964,success,84.0,4.0,8,1,10,64,16,0.033574943924999996,0.05053242287889409,21.727903401851655
87498,1913,0,2064,-6.242,4.02,1.056,2.964,success,84.0,4.0,9,1,10,64,16,0.024583378184374997,0.04184172145540223,21.73851603269577
87498,1913,0,2064,-6.242,4.02,1.056,2.964,success,84.0,4.0,10,1,10,64,16,0.0219452739875,0.040049592861202084,21.65969564517339
87498,1913,0,2064,-6.242,4.02,1.056,2.964,success,84.0,4.0,11,1,10,64,16,0.021599731202343753,0.03995080493353905,21.788090352217356
83157,1913,0,2064,4.656,3.158,0.21,2.948,success,84.0,20.0,1,1,10,64,16,0.7614010584812501,0.9194911624781473,15.694791793823242
83157,1913,0,2064,4.656,3.158,0.21,2.948,success,84.0,20.0,2,1,10,64,16,1.01006924373125,1.1574551862223066,15.759797914822895
83157,1913,0,2064,4.656,3.158,0.21,2.948,success,84.0,20.0,3,1,10,64,16,0.9390916732812501,1.0722403503793656,15.861486295859018
83157,1913,0,2064,4.656,3.158,0.21,2.948,success,84.0,20.0,4,1,10,64,16,0.64002444098125,0.7594340071120249,15.741854862372081
83157,1913,0,2064,4.656,3.158,0.21,2.948,success,84.0,20.0,5,1,10,64,16,0.27805653911875,0.3560365063928123,15.705099534988403
83157,1913,0,2064,4.656,3.158,0.21,2.948,success,84.0,20.0,6,1,10,64,16,0.12189346498125002,0.16220259148785396,15.823573458194733
83157,1913,0,2064,4.656,3.158,0.21,2.948,success,84.0,20.0,7,1,10,64,16,0.05826738945624999,0.08097655801932363,15.661132363478343
83157,1913,0,2064,4.656,3.158,0.21,2.948,success,84.0,20.0,8,1,10,64,16,0.033574943924999996,0.05053242287889409,15.683972704410554
83157,1913,0,2064,4.656,3.158,0.21,2.948,success,84.0,20.0,9,1,10,64,16,0.024583378184374997,0.04184172145540223,15.676834662755331
83157,1913,0,2064,4.656,3.158,0.21,2.948,success,84.0,20.0,10,1,10,64,16,0.0219452739875,0.040049592861202084,15.714151016871135
83157,1913,0,2064,4.656,3.158,0.21,2.948,success,84.0,20.0,11,1,10,64,16,0.021599731202343753,0.03995080493353905,15.79580428202947
83158,1913,0,2064,81.816,2.988,0.043,2.945,success,84.0,100.0,1,1,10,64,16,0.7614010584812501,0.9194911624781473,14.882329555352529
83158,1913,0,2064,81.816,2.988,0.043,2.945,success,84.0,100.0,2,1,10,64,16,1.01006924373125,1.1574551862223066,14.96284449895223
83158,1913,0,2064,81.816,2.988,0.043,2.945,success,84.0,100.0,3,1,10,64,16,0.9390916732812501,1.0722403503793656,14.876020960013072
83158,1913,0,2064,81.816,2.988,0.043,2.945,success,84.0,100.0,4,1,10,64,16,0.64002444098125,0.7594340071120249,15.014667654037476
83158,1913,0,2064,81.816,2.988,0.043,2.945,success,84.0,100.0,5,1,10,64,16,0.27805653911875,0.3560365063928123,14.844221127033233
83158,1913,0,2064,81.816,2.988,0.043,2.945,success,84.0,100.0,6,1,10,64,16,0.12189346498125002,0.16220259148785396,14.875546443462373
83158,1913,0,2064,81.816,2.988,0.043,2.945,success,84.0,100.0,7,1,10,64,16,0.05826738945624999,0.08097655801932363,14.893966575463613
83158,1913,0,2064,81.816,2.988,0.043,2.945,success,84.0,100.0,8,1,10,64,16,0.033574943924999996,0.05053242287889409,14.833443546295166
83158,1913,0,2064,81.816,2.988,0.043,2.945,success,84.0,100.0,9,1,10,64,16,0.024583378184374997,0.04184172145540223,14.970727376143138
83158,1913,0,2064,81.816,2.988,0.043,2.945,success,84.0,100.0,10,1,10,64,16,0.0219452739875,0.040049592861202084,14.864569167296091
83158,1913,0,2064,81.816,2.988,0.043,2.945,success,84.0,100.0,11,1,10,64,16,0.021599731202343753,0.03995080493353905,15.001353379090627
83159,1913,0,2064,480.861,2.953,0.009,2.944,success,84.0,500.0,1,1,10,64,16,0.7614010584812501,0.9194911624781473,14.636852574348449
83159,1913,0,2064,480.861,2.953,0.009,2.944,success,84.0,500.0,2,1,10,64,16,1.01006924373125,1.1574551862223066,14.734296667575837
83159,1913,0,2064,480.861,2.953,0.009,2.944,success,84.0,500.0,3,1,10,64,16,0.9390916732812501,1.0722403503793656,14.61218014160792
83159,1913,0,2064,480.861,2.953,0.009,2.944,success,84.0,500.0,4,1,10,64,16,0.64002444098125,0.7594340071120249,14.626749908924102
83159,1913,0,2064,480.861,2.953,0.009,2.944,success,84.0,500.0,5,1,10,64,16,0.27805653911875,0.3560365063928123,14.811008314291636
83159,1913,0,2064,480.861,2.953,0.009,2.944,success,84.0,500.0,6,1,10,64,16,0.12189346498125002,0.16220259148785396,14.718005947271983
83159,1913,0,2064,480.861,2.953,0.009,2.944,success,84.0,500.0,7,1,10,64,16,0.05826738945624999,0.08097655801932363,14.577445069948832
83159,1913,0,2064,480.861,2.953,0.009,2.944,success,84.0,500.0,8,1,10,64,16,0.033574943924999996,0.05053242287889409,14.763325726985931
83159,1913,0,2064,480.861,2.953,0.009,2.944,success,84.0,500.0,9,1,10,64,16,0.024583378184374997,0.04184172145540223,14.659160967667898
83159,1913,0,2064,480.861,2.953,0.009,2.944,success,84.0,500.0,10,1,10,64,16,0.0219452739875,0.040049592861202084,14.602588379383088
83159,1913,0,2064,480.861,2.953,0.009,2.944,success,84.0,500.0,11,1,10,64,16,0.021599731202343753,0.03995080493353905,14.707534563541412
83158,1913,0,2064,977.741,2.949,0.005,2.944,success,84.0,1000.0,1,1,10,64,16,0.7614010584812501,0.9194911624781473,14.752196196715037
83158,1913,0,2064,977.741,2.949,0.005,2.944,success,84.0,1000.0,2,1,10,64,16,1.01006924373125,1.1574551862223066,14.743264961242676
83158,1913,0,2064,977.741,2.949,0.005,2.944,success,84.0,1000.0,3,1,10,64,16,0.9390916732812501,1.0722403503793656,14.96220652659734
83158,1913,0,2064,977.741,2.949,0.005,2.944,success,84.0,1000.0,4,1,10,64,16,0.64002444098125,0.7594340071120249,14.77313984632492
83158,1913,0,2064,977.741,2.949,0.005,2.944,success,84.0,1000.0,5,1,10,64,16,0.27805653911875,0.3560365063928123,14.719857692718506
83158,1913,0,2064,977.741,2.949,0.005,2.944,success,84.0,1000.0,6,1,10,64,16,0.12189346498125002,0.16220259148785396,14.647458970546722
83158,1913,0,2064,977.741,2.949,0.005,2.944,success,84.0,1000.0,7,1,10,64,16,0.05826738945624999,0.08097655801932363,14.778384900093078
83158,1913,0,2064,977.741,2.949,0.005,2.944,success,84.0,1000.0,8,1,10,64,16,0.033574943924999996,0.05053242287889409,14.799670684337617
83158,1913,0,2064,977.741,2.949,0.005,2.944,success,84.0,1000.0,9,1,10,64,16,0.024583378184374997,0.04184172145540223,14.724309003353119
83158,1913,0,2064,977.741,2.949,0.005,2.944,success,84.0,1000.0,10,1,10,64,16,0.0219452739875,0.040049592861202084,14.695434296131134
83158,1913,0,2064,977.741,2.949,0.005,2.944,success,84.0,1000.0,11,1,10,64,16,0.021599731202343753,0.03995080493353905,14.80626190106074
87503,1913,0,2064,-8.233,5.095,2.111,2.984,success,52.0,2.0,1,2,10,64,16,0.7614010584812501,0.9194911624781473,23.00378625790278
87503,1913,0,2064,-8.233,5.095,2.111,2.984,success,52.0,2.0,2,2,10,64,16,1.01006924373125,1.1574551862223066,22.916637925306954
87503,1913,0,2064,-8.233,5.095,2.111,2.984,success,52.0,2.0,3,2,10,64,16,0.9390916732812501,1.0722403503793656,22.97503812710444
87503,1913,0,2064,-8.233,5.095,2.111,2.984,success,52.0,2.0,4,2,10,64,16,0.64002444098125,0.7594340071120249,22.97430022160212
87503,1913,0,2064,-8.233,5.095,2.111,2.984,success,52.0,2.0,5,2,10,64,16,0.27805653911875,0.3560365063928123,23.040476175149283
87503,1913,0,2064,-8.233,5.095,2.111,2.984,success,52.0,2.0,6,2,10,64,16,0.12189346498125002,0.16220259148785396,22.9942099014918
87503,1913,0,2064,-8.233,5.095,2.111,2.984,success,52.0,2.0,7,2,10,64,16,0.05826738945624999,0.08097655801932363,22.961448323726653
87503,1913,0,2064,-8.233,5.095,2.111,2.984,success,52.0,2.0,8,2,10,64,16,0.033574943924999996,0.05053242287889409,22.993044884999595
87503,1913,0,2064,-8.233,5.095,2.111,2.984,success,52.0,2.0,9,2,10,64,16,0.024583378184374997,0.04184172145540223,23.10635511080424
87503,1913,0,2064,-8.233,5.095,2.111,2.984,success,52.0,2.0,10,2,10,64,16,0.0219452739875,0.040049592861202084,23.033608031272887
87503,1913,0,2064,-8.233,5.095,2.111,2.984,success,52.0,2.0,11,2,10,64,16,0.021599731202343753,0.03995080493353905,22.97107990980148
87505,1913,0,2064,-7.827,4.709,1.732,2.977,success,52.0,2.5,1,2,10,64,16,0.7614010584812501,0.9194911624781473,18.64073667128881
87505,1913,0,2064,-7.827,4.709,1.732,2.977,success,52.0,2.5,2,2,10,64,16,1.01006924373125,1.1574551862223066,18.608434669176738
87505,1913,0,2064,-7.827,4.709,1.732,2.977,success,52.0,2.5,3,2,10,64,16,0.9390916732812501,1.0722403503793656,18.68902688821157
87505,1913,0,2064,-7.827,4.709,1.732,2.977,success,52.0,2.5,4,2,10,64,16,0.64002444098125,0.7594340071120249,18.658907488981882
87505,1913,0,2064,-7.827,4.709,1.732,2.977,success,52.0,2.5,5,2,10,64,16,0.27805653911875,0.3560365063928123,18.78393755356471
87505,1913,0,2064,-7.827,4.709,1.732,2.977,success,52.0,2.5,6,2,10,64,16,0.12189346498125002,0.16220259148785396,18.697930391629537
87505,1913,0,2064,-7.827,4.709,1.732,2.977,success,52.0,2.5,7,2,10,64,16,0.05826738945624999,0.08097655801932363,18.667023662726084
87505,1913,0,2064,-7.827,4.709,1.732,2.977,success,52.0,2.5,8,2,10,64,16,0.033574943924999996,0.05053242287889409,18.66709310611089
87505,1913,0,2064,-7.827,4.709,1.732,2.977,success,52.0,2.5,9,2,10,64,16,0.024583378184374997,0.04184172145540223,18.76285805304845
87505,1913,0,2064,-7.827,4.709,1.732,2.977,success,52.0,2.5,10,2,10,64,16,0.0219452739875,0.040049592861202084,18.812029333909354
87505,1913,0,2064,-7.827,4.709,1.732,2.977,success,52.0,2.5,11,2,10,64,16,0.021599731202343753,0.03995080493353905,18.706471916039785
87498,1913,0,2064,-6.242,4.02,1.056,2.964,success,52.0,4.0,1,2,10,64,16,0.7614010584812501,0.9194911624781473,21.73306221961975
87498,1913,0,2064,-6.242,4.02,1.056,2.964,success,52.0,4.0,2,2,10,64,16,1.01006924373125,1.1574551862223066,21.789690681298573
87498,1913,0,2064,-6.242,4.02,1.056,2.964,success,52.0,4.0,3,2,10,64,16,0.9390916732812501,1.0722403503793656,21.678144009908042
87498,1913,0,2064,-6.242,4.02,1.056,2.964,success,52.0,4.0,4,2,10,64,16,0.64002444098125,0.7594340071120249,21.706293900807697
87498,1913,0,2064,-6.242,4.02,1.056,2.964,success,52.0,4.0,5,2,10,64,16,0.27805653911875,0.3560365063928123,21.685538721084594
87498,1913,0,2064,-6.242,4.02,1.056,2.964,success,52.0,4.0,6,2,10,64,16,0.12189346498125002,0.16220259148785396,21.703917356332145
87498,1913,0,2064,-6.242,4.02,1.056,2.964,success,52.0,4.0,7,2,10,64,16,0.05826738945624999,0.08097655801932363,21.591050732135773
87498,1913,0,2064,-6.242,4.02,1.056,2.964,success,52.0,4.0,8,2,10,64,16,0.033574943924999996,0.05053242287889409,21.668767948945362
87498,1913,0,2064,-6.242,4.02,1.056,2.964,success,52.0,4.0,9,2,10,64,16,0.024583378184374997,0.04184172145540223,21.616307532787324
87498,1913,0,2064,-6.242,4.02,1.056,2.964,success,52.0,4.0,10,2,10,64,16,0.0219452739875,0.040049592861202084,21.69368528922399
87498,1913,0,2064,-6.242,4.02,1.056,2.964,success,52.0,4.0,11,2,10,64,16,0.021599731202343753,0.03995080493353905,21.638775765895844
83157,1913,0,2064,4.656,3.158,0.21,2.948,success,52.0,20.0,1,2,10,64,16,0.7614010584812501,0.9194911624781473,15.759261814753215
83157,1913,0,2064,4.656,3.158,0.21,2.948,success,52.0,20.0,2,2,10,64,16,1.01006924373125,1.1574551862223066,15.758464165528615
83157,1913,0,2064,4.656,3.158,0.21,2.948,success,52.0,20.0,3,2,10,64,16,0.9390916732812501,1.0722403503793656,15.706072064240773
83157,1913,0,2064,4.656,3.158,0.21,2.948,success,52.0,20.0,4,2,10,64,16,0.64002444098125,0.7594340071120249,15.700729099909465
83157,1913,0,2064,4.656,3.158,0.21,2.948,success,52.0,20.0,5,2,10,64,16,0.27805653911875,0.3560365063928123,15.704110944271088
83157,1913,0,2064,4.656,3.158,0.21,2.948,success,52.0,20.0,6,2,10,64,16,0.12189346498125002,0.16220259148785396,15.74010922908783
83157,1913,0,2064,4.656,3.158,0.21,2.948,success,52.0,20.0,7,2,10,64,16,0.05826738945624999,0.08097655801932363,15.779183781147003
83157,1913,0,2064,4.656,3.158,0.21,2.948,success,52.0,20.0,8,2,10,64,16,0.033574943924999996,0.05053242287889409,15.758555054664612
83157,1913,0,2064,4.656,3.158,0.21,2.948,success,52.0,20.0,9,2,10,64,16,0.024583378184374997,0.04184172145540223,15.738431386152904
83157,1913,0,2064,4.656,3.158,0.21,2.948,success,52.0,20.0,10,2,10,64,16,0.0219452739875,0.040049592861202084,15.672285242875416
83157,1913,0,2064,4.656,3.158,0.21,2.948,success,52.0,20.0,11,2,10,64,16,0.021599731202343753,0.03995080493353905,15.693836092948914
83158,1913,0,2064,81.816,2.988,0.043,2.945,success,52.0,100.0,1,2,10,64,16,0.7614010584812501,0.9194911624781473,14.862685251235963
83158,1913,0,2064,81.816,2.988,0.043,2.945,success,52.0,100.0,2,2,10,64,16,1.01006924373125,1.1574551862223066,14.954480091730753
83158,1913,0,2064,81.816,2.988,0.043,2.945,success,52.0,100.0,3,2,10,64,16,0.9390916732812501,1.0722403503793656,15.000233972072602
83158,1913,0,2064,81.816,2.988,0.043,2.945,success,52.0,100.0,4,2,10,64,16,0.64002444098125,0.7594340071120249,14.93905032078425
83158,1913,0,2064,81.816,2.988,0.043,2.945,success,52.0,100.0,5,2,10,64,16,0.27805653911875,0.3560365063928123,14.850669729709626
83158,1913,0,2064,81.816,2.988,0.043,2.945,success,52.0,100.0,6,2,10,64,16,0.12189346498125002,0.16220259148785396,14.840508131186168
83158,1913,0,2064,81.816,2.988,0.043,2.945,success,52.0,100.0,7,2,10,64,16,0.05826738945624999,0.08097655801932363,14.971453479925792
83158,1913,0,2064,81.816,2.988,0.043,2.945,success,52.0,100.0,8,2,10,64,16,0.033574943924999996,0.05053242287889409,14.882128405570985
83158,1913,0,2064,81.816,2.988,0.043,2.945,success,52.0,100.0,9,2,10,64,16,0.024583378184374997,0.04184172145540223,14.98969750404358
83158,1913,0,2064,81.816,2.988,0.043,2.945,success,52.0,100.0,10,2,10,64,16,0.0219452739875,0.040049592861202084,14.959563080469767
83158,1913,0,2064,81.816,2.988,0.043,2.945,success,52.0,100.0,11,2,10,64,16,0.021599731202343753,0.03995080493353905,14.8659898797671
83159,1913,0,2064,480.861,2.953,0.009,2.944,success,52.0,500.0,1,2,10,64,16,0.7614010584812501,0.9194911624781473,14.691409369309744
83159,1913,0,2064,480.861,2.953,0.009,2.944,success,52.0,500.0,2,2,10,64,16,1.01006924373125,1.1574551862223066,14.738246357440948
83159,1913,0,2064,480.861,2.953,0.009,2.944,success,52.0,500.0,3,2,10,64,16,0.9390916732812501,1.0722403503793656,14.662503325939179
83159,1913,0,2064,480.861,2.953,0.009,2.944,success,52.0,500.0,4,2,10,64,16,0.64002444098125,0.7594340071120249,14.596820282936097
83159,1913,0,2064,480.861,2.953,0.009,2.944,success,52.0,500.0,5,2,10,64,16,0.27805653911875,0.3560365063928123,14.753536128997803
83159,1913,0,2064,480.861,2.953,0.009,2.944,success,52.0,500.0,6,2,10,64,16,0.12189346498125002,0.16220259148785396,14.702111756801605
83159,1913,0,2064,480.861,2.953,0.009,2.944,success,52.0,500.0,7,2,10,64,16,0.05826738945624999,0.08097655801932363,14.652483518918356
83159,1913,0,2064,480.861,2.953,0.009,2.944,success,52.0,500.0,8,2,10,64,16,0.033574943924999996,0.05053242287889409,14.66432971159617
83159,1913,0,2064,480.861,2.953,0.009,2.944,success,52.0,500.0,9,2,10,64,16,0.024583378184374997,0.04184172145540223,14.717748709519704
83159,1913,0,2064,480.861,2.953,0.009,2.944,success,52.0,500.0,10,2,10,64,16,0.0219452739875,0.040049592861202084,14.639207867781321
83159,1913,0,2064,480.861,2.953,0.009,2.944,success,52.0,500.0,11,2,10,64,16,0.021599731202343753,0.03995080493353905,14.682484602928161
83158,1913,0,2064,977.741,2.949,0.005,2.944,success,52.0,1000.0,1,2,10,64,16,0.7614010584812501,0.9194911624781473,14.699001836776734
83158,1913,0,2064,977.741,2.949,0.005,2.944,success,52.0,1000.0,2,2,10,64,16,1.01006924373125,1.1574551862223066,14.755926764011383
83158,1913,0,2064,977.741,2.949,0.005,2.944,success,52.0,1000.0,3,2,10,64,16,0.9390916732812501,1.0722403503793656,14.662744470437367
83158,1913,0,2064,977.741,2.949,0.005,2.944,success,52.0,1000.0,4,2,10,64,16,0.64002444098125,0.7594340071120249,14.719450517495472
83158,1913,0,2064,977.741,2.949,0.005,2.944,success,52.0,1000.0,5,2,10,64,16,0.27805653911875,0.3560365063928123,14.753641331195832
83158,1913,0,2064,977.741,2.949,0.005,2.944,success,52.0,1000.0,6,2,10,64,16,0.12189346498125002,0.16220259148785396,14.825555276870727
83158,1913,0,2064,977.741,2.949,0.005,2.944,success,52.0,1000.0,7,2,10,64,16,0.05826738945624999,0.08097655801932363,14.696363524595897
83158,1913,0,2064,977.741,2.949,0.005,2.944,success,52.0,1000.0,8,2,10,64,16,0.033574943924999996,0.05053242287889409,14.776835405826569
83158,1913,0,2064,977.741,2.949,0.005,2.944,success,52.0,1000.0,9,2,10,64,16,0.024583378184374997,0.04184172145540223,14.763881309827168
83158,1913,0,2064,977.741,2.949,0.005,2.944,success,52.0,1000.0,10,2,10,64,16,0.0219452739875,0.040049592861202084,14.660906732082367
83158,1913,0,2064,977.741,2.949,0.005,2.944,success,52.0,1000.0,11,2,10,64,16,0.021599731202343753,0.03995080493353905,14.756570474306743
87503,1913,0,2064,-8.233,5.095,2.111,2.984,success,36.0,2.0,1,4,10,64,16,0.7614010584812501,0.9194911624781473,23.03470183610916
87503,1913,0,2064,-8.233,5.095,2.111,2.984,success,36.0,2.0,2,4,10,64,16,1.01006924373125,1.1574551862223066,22.85364114046097
87503,1913,0,2064,-8.233,5.095,2.111,2.984,success,36.0,2.0,3,4,10,64,16,0.9390916732812501,1.0722403503793656,22.903515267372132
87503,1913,0,2064,-8.233,5.095,2.111,2.984,success,36.0,2.0,4,4,10,64,16,0.64002444098125,0.7594340071120249,22.991523595650992
87503,1913,0,2064,-8.233,5.095,2.111,2.984,success,36.0,2.0,5,4,10,64,16,0.27805653911875,0.3560365063928123,23.00081302722295
87503,1913,0,2064,-8.233,5.095,2.111,2.984,success,36.0,2.0,6,4,10,64,16,0.12189346498125002,0.16220259148785396,22.999078130722047
87503,1913,0,2064,-8.233,5.095,2.111,2.984,success,36.0,2.0,7,4,10,64,16,0.05826738945624999,0.08097655801932363,23.035161113739015
87503,1913,0,2064,-8.233,5.095,2.111,2.984,success,36.0,2.0,8,4,10,64,16,0.033574943924999996,0.05053242287889409,22.994520199298858
87503,1913,0,2064,-8.233,5.095,2.111,2.984,success,36.0,2.0,9,4,10,64,16,0.024583378184374997,0.04184172145540223,22.978614632288615
87503,1913,0,2064,-8.233,5.095,2.111,2.984,success,36.0,2.0,10,4,10,64,16,0.0219452739875,0.040049592861202084,23.01805870930354
87503,1913,0,2064,-8.233,5.095,2.111,2.984,success,36.0,2.0,11,4,10,64,16,0.021599731202343753,0.03995080493353905,23.02605857849121
87505,1913,0,2064,-7.827,4.709,1.732,2.977,success,36.0,2.5,1,4,10,64,16,0.7614010584812501,0.9194911624781473,18.705306855837502
87505,1913,0,2064,-7.827,4.709,1.732,2.977,success,36.0,2.5,2,4,10,64,16,1.01006924373125,1.1574551862223066,18.687159152825675
87505,1913,0,2064,-7.827,4.709,1.732,2.977,success,36.0,2.5,3,4,10,64,16,0.9390916732812501,1.0722403503793656,18.647014005978903
87505,1913,0,2064,-7.827,4.709,1.732,2.977,success,36.0,2.5,4,4,10,64,16,0.64002444098125,0.7594340071120249,18.747799702485402
87505,1913,0,2064,-7.827,4.709,1.732,2.977,success,36.0,2.5,5,4,10,64,16,0.27805653911875,0.3560365063928123,18.68992919921875
87505,1913,0,2064,-7.827,4.709,1.732,2.977,success,36.0,2.5,6,4,10,64,16,0.12189346498125002,0.16220259148785396,18.7791312734286
87505,1913,0,2064,-7.827,4.709,1.732,2.977,success,36.0,2.5,7,4,10,64,16,0.05826738945624999,0.08097655801932363,18.664143033822377
87505,1913,0,2064,-7.827,4.709,1.732,2.977,success,36.0,2.5,8,4,10,64,16,0.033574943924999996,0.05053242287889409,18.663124910990398
87505,1913,0,2064,-7.827,4.709,1.732,2.977,success,36.0,2.5,9,4,10,64,16,0.024583378184374997,0.04184172145540223,18.854266822338104
87505,1913,0,2064,-7.827,4.709,1.732,2.977,success,36.0,2.5,10,4,10,64,16,0.0219452739875,0.040049592861202084,18.764871815840404
87505,1913,0,2064,-7.827,4.709,1.732,2.977,success,36.0,2.5,11,4,10,64,16,0.021599731202343753,0.03995080493353905,18.63941045999527
87498,1913,0,2064,-6.242,4.02,1.056,2.964,success,36.0,4.0,1,4,10,64,16,0.7614010584812501,0.9194911624781473,21.568930780887605
87498,1913,0,2064,-6.242,4.02,1.056,2.964,success,36.0,4.0,2,4,10,64,16,1.01006924373125,1.1574551862223066,21.82980566819509
87498,1913,0,2064,-6.242,4.02,1.056,2.964,success,36.0,4.0,3,4,10,64,16,0.9390916732812501,1.0722403503793656,21.62789257764816
87498,1913,0,2064,-6.242,4.02,1.056,2.964,success,36.0,4.0,4,4,10,64,16,0.64002444098125,0.7594340071120249,21.60567009449005
87498,1913,0,2064,-6.242,4.02,1.056,2.964,success,36.0,4.0,5,4,10,64,16,0.27805653911875,0.3560365063928123,21.640030225118
87498,1913,0,2064,-6.242,4.02,1.056,2.964,success,36.0,4.0,6,4,10,64,16,0.12189346498125002,0.16220259148785396,21.87976855834325
87498,1913,0,2064,-6.242,4.02,1.056,2.964,success,36.0,4.0,7,4,10,64,16,0.05826738945624999,0.08097655801932363,21.549572054545084
87498,1913,0,2064,-6.242,4.02,1.056,2.964,success,36.0,4.0,8,4,10,64,16,0.033574943924999996,0.05053242287889409,21.702866919835408
87498,1913,0,2064,-6.242,4.02,1.056,2.964,success,36.0,4.0,9,4,10,64,16,0.024583378184374997,0.04184172145540223,21.71533012787501
87498,1913,0,2064,-6.242,4.02,1.056,2.964,success,36.0,4.0,10,4,10,64,16,0.0219452739875,0.040049592861202084,21.676447506745657
87498,1913,0,2064,-6.242,4.02,1.056,2.964,success,36.0,4.0,11,4,10,64,16,0.021599731202343753,0.03995080493353905,21.736973909536996
83157,1913,0,2064,4.656,3.158,0.21,2.948,success,36.0,20.0,1,4,10,64,16,0.7614010584812501,0.9194911624781473,15.767686418692271
83157,1913,0,2064,4.656,3.158,0.21,2.948,success,36.0,20.0,2,4,10,64,16,1.01006924373125,1.1574551862223066,15.822442297140757
83157,1913,0,2064,4.656,3.158,0.21,2.948,success,36.0,20.0,3,4,10,64,16,0.9390916732812501,1.0722403503793656,15.812151026725768
83157,1913,0,2064,4.656,3.158,0.21,2.948,success,36.0,20.0,4,4,10,64,16,0.64002444098125,0.7594340071120249,15.913803652922313
83157,1913,0,2064,4.656,3.158,0.21,2.948,success,36.0,20.0,5,4,10,64,16,0.27805653911875,0.3560365063928123,15.777170018355053
83157,1913,0,2064,4.656,3.158,0.21,2.948,success,36.0,20.0,6,4,10,64,16,0.12189346498125002,0.16220259148785396,15.719681123892466
83157,1913,0,2064,4.656,3.158,0.21,2.948,success,36.0,20.0,7,4,10,64,16,0.05826738945624999,0.08097655801932363,15.85552014509837
83157,1913,0,2064,4.656,3.158,0.21,2.948,success,36.0,20.0,8,4,10,64,16,0.033574943924999996,0.05053242287889409,15.863161631425221
83157,1913,0,2064,4.656,3.158,0.21,2.948,success,36.0,20.0,9,4,10,64,16,0.024583378184374997,0.04184172145540223,15.737675189971924
83157,1913,0,2064,4.656,3.158,0.21,2.948,success,36.0,20.0,10,4,10,64,16,0.0219452739875,0.040049592861202084,15.791616427898408
83157,1913,0,2064,4.656,3.158,0.21,2.948,success,36.0,20.0,11,4,10,64,16,0.021599731202343753,0.03995080493353905,15.764620157082875
83158,1913,0,2064,81.816,2.988,0.043,2.945,success,36.0,100.0,1,4,10,64,16,0.7614010584812501,0.9194911624781473,14.947034704685212
83158,1913,0,2064,81.816,2.988,0.043,2.945,success,36.0,100.0,2,4,10,64,16,1.01006924373125,1.1574551862223066,15.008102695147196
83158,1913,0,2064,81.816,2.988,0.043,2.945,success,36.0,100.0,3,4,10,64,16,0.9390916732812501,1.0722403503793656,15.10477157831192
83158,1913,0,2064,81.816,2.988,0.043,2.945,success,36.0,100.0,4,4,10,64,16,0.64002444098125,0.7594340071120249,14.958320919672648
83158,1913,0,2064,81.816,2.988,0.043,2.945,success,36.0,100.0,5,4,10,64,16,0.27805653911875,0.3560365063928123,14.866584316889446
83158,1913,0,2064,81.816,2.988,0.043,2.945,success,36.0,100.0,6,4,10,64,16,0.12189346498125002,0.16220259148785396,14.90559007326762
83158,1913,0,2064,81.816,2.988,0.043,2.945,success,36.0,100.0,7,4,10,64,16,0.05826738945624999,0.08097655801932363,15.047440858681997
83158,1913,0,2064,81.816,2.988,0.043,2.945,success,36.0,100.0,8,4,10,64,16,0.033574943924999996,0.05053242287889409,15.03499618768692
83158,1913,0,2064,81.816,2.988,0.043,2.945,success,36.0,100.0,9,4,10,64,16,0.024583378184374997,0.04184172145540223,14.962088211377461
83158,1913,0,2064,81.816,2.988,0.043,2.945,success,36.0,100.0,10,4,10,64,16,0.0219452739875,0.040049592861202084,14.908353853225709
83158,1913,0,2064,81.816,2.988,0.043,2.945,success,36.0,100.0,11,4,10,64,16,0.021599731202343753,0.03995080493353905,14.964753572146098
83159,1913,0,2064,480.861,2.953,0.009,2.944,success,36.0,500.0,1,4,10,64,16,0.7614010584812501,0.9194911624781473,14.606793407599131
83159,1913,0,2064,480.861,2.953,0.009,2.944,success,36.0,500.0,2,4,10,64,16,1.01006924373125,1.1574551862223066,14.718859632809957
83159,1913,0,2064,480.861,2.953,0.009,2.944,success,36.0,500.0,3,4,10,64,16,0.9390916732812501,1.0722403503793656,14.684015929698944
83159,1913,0,2064,480.861,2.953,0.009,2.944,success,36.0,500.0,4,4,10,64,16,0.64002444098125,0.7594340071120249,14.749751313527424
83159,1913,0,2064,480.861,2.953,0.009,2.944,success,36.0,500.0,5,4,10,64,16,0.27805653911875,0.3560365063928123,14.614982744057974
83159,1913,0,2064,480.861,2.953,0.009,2.944,success,36.0,500.0,6,4,10,64,16,0.12189346498125002,0.16220259148785396,14.641778735319773
83159,1913,0,2064,480.861,2.953,0.009,2.944,success,36.0,500.0,7,4,10,64,16,0.05826738945624999,0.08097655801932363,14.659954118728638
83159,1913,0,2064,480.861,2.953,0.009,2.944,success,36.0,500.0,8,4,10,64,16,0.033574943924999996,0.05053242287889409,14.709030973911286
83159,1913,0,2064,480.861,2.953,0.009,2.944,success,36.0,500.0,9,4,10,64,16,0.024583378184374997,0.04184172145540223,14.660552008946736
83159,1913,0,2064,480.861,2.953,0.009,2.944,success,36.0,500.0,10,4,10,64,16,0.0219452739875,0.040049592861202084,14.681494732697805
83159,1913,0,2064,480.861,2.953,0.009,2.944,success,36.0,500.0,11,4,10,64,16,0.021599731202343753,0.03995080493353905,14.669924791653951
83158,1913,0,2064,977.741,2.949,0.005,2.944,success,36.0,1000.0,1,4,10,64,16,0.7614010584812501,0.9194911624781473,14.89220902522405
83158,1913,0,2064,977.741,2.949,0.005,2.944,success,36.0,1000.0,2,4,10,64,16,1.01006924373125,1.1574551862223066,14.709317215283711
83158,1913,0,2064,977.741,2.949,0.005,2.944,success,36.0,1000.0,3,4,10,64,16,0.9390916732812501,1.0722403503793656,14.778051821390788
83158,1913,0,2064,977.741,2.949,0.005,2.944,success,36.0,1000.0,4,4,10,64,16,0.64002444098125,0.7594340071120249,14.761348966757456
83158,1913,0,2064,977.741,2.949,0.005,2.944,success,36.0,1000.0,5,4,10,64,16,0.27805653911875,0.3560365063928123,14.73931779464086
83158,1913,0,2064,977.741,2.949,0.005,2.944,success,36.0,1000.0,6,4,10,64,16,0.12189346498125002,0.16220259148785396,14.732196104526519
83158,1913,0,2064,977.741,2.949,0.005,2.944,success,36.0,1000.0,7,4,10,64,16,0.05826738945624999,0.08097655801932363,14.741364014148711
83158,1913,0,2064,977.741,2.949,0.005,2.944,success,36.0,1000.0,8,4,10,64,16,0.033574943924999996,0.05053242287889409,14.849964332580566
83158,1913,0,2064,977.741,2.949,0.005,2.944,success,36.0,1000.0,9,4,10,64,16,0.024583378184374997,0.04184172145540223,14.7672451933225
83158,1913,0,2064,977.741,2.949,0.005,2.944,success,36.0,1000.0,10,4,10,64,16,0.0219452739875,0.040049592861202084,14.746067043145498
83158,1913,0,2064,977.741,2.949,0.005,2.944,success,36.0,1000.0,11,4,10,64,16,0.021599731202343753,0.03995080493353905,14.86944611867269
87503,1913,0,2064,-8.233,5.095,2.111,2.984,success,28.0,2.0,1,8,10,64,16,0.7614010584812501,0.9194911624781473,23.025772058963774
87503,1913,0,2064,-8.233,5.095,2.111,2.984,success,28.0,2.0,2,8,10,64,16,1.01006924373125,1.1574551862223066,23.048768830299377
87503,1913,0,2064,-8.233,5.095,2.111,2.984,success,28.0,2.0,3,8,10,64,16,0.9390916732812501,1.0722403503793656,23.038268061478934
87503,1913,0,2064,-8.233,5.095,2.111,2.984,success,28.0,2.0,4,8,10,64,16,0.64002444098125,0.7594340071120249,23.156346968809764
87503,1913,0,2064,-8.233,5.095,2.111,2.984,success,28.0,2.0,5,8,10,64,16,0.27805653911875,0.3560365063928123,23.027214968204497
87503,1913,0,2064,-8.233,5.095,2.111,2.984,success,28.0,2.0,6,8,10,64,16,0.12189346498125002,0.16220259148785396,23.16236404577891
87503,1913,0,2064,-8.233,5.095,2.111,2.984,success,28.0,2.0,7,8,10,64,16,0.05826738945624999,0.08097655801932363,22.9545232017835
87503,1913,0,2064,-8.233,5.095,2.111,2.984,success,28.0,2.0,8,8,10,64,16,0.033574943924999996,0.05053242287889409,22.939680059750874
87503,1913,0,2064,-8.233,5.095,2.111,2.984,success,28.0,2.0,9,8,10,64,16,0.024583378184374997,0.04184172145540223,23.06708298524221
87503,1913,0,2064,-8.233,5.095,2.111,2.984,success,28.0,2.0,10,8,10,64,16,0.0219452739875,0.040049592861202084,23.023962004979452
87503,1913,0,2064,-8.233,5.095,2.111,2.984,success,28.0,2.0,11,8,10,64,16,0.021599731202343753,0.03995080493353905,23.018212922414143
87505,1913,0,2064,-7.827,4.709,1.732,2.977,success,28.0,2.5,1,8,10,64,16,0.7614010584812501,0.9194911624781473,18.683754014968873
87505,1913,0,2064,-7.827,4.709,1.732,2.977,success,28.0,2.5,2,8,10,64,16,1.01006924373125,1.1574551862223066,18.891205286979677
87505,1913,0,2064,-7.827,4.709,1.732,2.977,success,28.0,2.5,3,8,10,64,16,0.9390916732812501,1.0722403503793656,18.745663758118948
87505,1913,0,2064,-7.827,4.709,1.732,2.977,success,28.0,2.5,4,8,10,64,16,0.64002444098125,0.7594340071120249,18.641025018692016
87505,1913,0,2064,-7.827,4.709,1.732,2.977,success,28.0,2.5,5,8,10,64,16,0.27805653911875,0.3560365063928123,18.748310192426047
87505,1913,0,2064,-7.827,4.709,1.732,2.977,success,28.0,2.5,6,8,10,64,16,0.12189346498125002,0.16220259148785396,18.714651946226756
87505,1913,0,2064,-7.827,4.709,1.732,2.977,success,28.0,2.5,7,8,10,64,16,0.05826738945624999,0.08097655801932363,18.717316591739653
87505,1913,0,2064,-7.827,4.709,1.732,2.977,success,28.0,2.5,8,8,10,64,16,0.033574943924999996,0.05053242287889409,18.802519504229227
87505,1913,0,2064,-7.827,4.709,1.732,2.977,success,28.0,2.5,9,8,10,64,16,0.024583378184374997,0.04184172145540223,18.647404726346334
87505,1913,0,2064,-7.827,4.709,1.732,2.977,success,28.0,2.5,10,8,10,64,16,0.0219452739875,0.040049592861202084,18.836005969842276
87505,1913,0,2064,-7.827,4.709,1.732,2.977,success,28.0,2.5,11,8,10,64,16,0.021599731202343753,0.03995080493353905,18.77922899723053
87498,1913,0,2064,-6.242,4.02,1.056,2.964,success,28.0,4.0,1,8,10,64,16,0.7614010584812501,0.9194911624781473,21.801201665401457
87498,1913,0,2064,-6.242,4.02,1.056,2.964,success,28.0,4.0,2,8,10,64,16,1.01006924373125,1.1574551862223066,21.782772084077198
87498,1913,0,2064,-6.242,4.02,1.056,2.964,success,28.0,4.0,3,8,10,64,16,0.9390916732812501,1.0722403503793656,21.7461136341095
87498,1913,0,2064,-6.242,4.02,1.056,2.964,success,28.0,4.0,4,8,10,64,16,0.64002444098125,0.7594340071120249,21.74552872578303
87498,1913,0,2064,-6.242,4.02,1.056,2.964,success,28.0,4.0,5,8,10,64,16,0.27805653911875,0.3560365063928123,21.675604597727457
87498,1913,0,2064,-6.242,4.02,1.056,2.964,success,28.0,4.0,6,8,10,64,16,0.12189346498125002,0.16220259148785396,21.690044784545897
87498,1913,0,2064,-6.242,4.02,1.056,2.964,success,28.0,4.0,7,8,10,64,16,0.05826738945624999,0.08097655801932363,21.756951447327932
87498,1913,0,2064,-6.242,4.02,1.056,2.964,success,28.0,4.0,8,8,10,64,16,0.033574943924999996,0.05053242287889409,21.733258656660716
87498,1913,0,2064,-6.242,4.02,1.056,2.964,success,28.0,4.0,9,8,10,64,16,0.024583378184374997,0.04184172145540223,21.61540294488271
87498,1913,0,2064,-6.242,4.02,1.056,2.964,success,28.0,4.0,10,8,10,64,16,0.0219452739875,0.040049592861202084,21.723149851957956
87498,1913,0,2064,-6.242,4.02,1.056,2.964,success,28.0,4.0,11,8,10,64,16,0.021599731202343753,0.03995080493353905,21.679821161429086
83157,1913,0,2064,4.656,3.158,0.21,2.948,success,28.0,20.0,1,8,10,64,16,0.7614010584812501,0.9194911624781473,15.883441237608592
83157,1913,0,2064,4.656,3.158,0.21,2.948,success,28.0,20.0,2,8,10,64,16,1.01006924373125,1.1574551862223066,15.786164096991222
83157,1913,0,2064,4.656,3.158,0.21,2.948,success,28.0,20.0,3,8,10,64,16,0.9390916732812501,1.0722403503793656,15.83298480908076
83157,1913,0,2064,4.656,3.158,0.21,2.948,success,28.0,20.0,4,8,10,64,16,0.64002444098125,0.7594340071120249,15.782682498296102
83157,1913,0,2064,4.656,3.158,0.21,2.948,success,28.0,20.0,5,8,10,64,16,0.27805653911875,0.3560365063928123,15.828076434135436
83157,1913,0,2064,4.656,3.158,0.21,2.948,success,28.0,20.0,6,8,10,64,16,0.12189346498125002,0.16220259148785396,15.758895409107208
83157,1913,0,2064,4.656,3.158,0.21,2.948,success,28.0,20.0,7,8,10,64,16,0.05826738945624999,0.08097655801932363,15.817899354298909
83157,1913,0,2064,4.656,3.158,0.21,2.948,success,28.0,20.0,8,8,10,64,16,0.033574943924999996,0.05053242287889409,15.775281771024067
83157,1913,0,2064,4.656,3.158,0.21,2.948,success,28.0,20.0,9,8,10,64,16,0.024583378184374997,0.04184172145540223,15.820174217224121
83157,1913,0,2064,4.656,3.158,0.21,2.948,success,28.0,20.0,10,8,10,64,16,0.0219452739875,0.040049592861202084,15.853397397200267
83157,1913,0,2064,4.656,3.158,0.21,2.948,success,28.0,20.0,11,8,10,64,16,0.021599731202343753,0.03995080493353905,15.787976503372192
83158,1913,0,2064,81.816,2.988,0.043,2.945,success,28.0,100.0,1,8,10,64,16,0.7614010584812501,0.9194911624781473,14.957735459009806
83158,1913,0,2064,81.816,2.988,0.043,2.945,success,28.0,100.0,2,8,10,64,16,1.01006924373125,1.1574551862223066,14.98742846250534
83158,1913,0,2064,81.816,2.988,0.043,2.945,success,28.0,100.0,3,8,10,64,16,0.9390916732812501,1.0722403503793656,14.944641876220704
83158,1913,0,2064,81.816,2.988,0.043,2.945,success,28.0,100.0,4,8,10,64,16,0.64002444098125,0.7594340071120249,14.968359239896138
83158,1913,0,2064,81.816,2.988,0.043,2.945,success,28.0,100.0,5,8,10,64,16,0.27805653911875,0.3560365063928123,14.93478171825409
83158,1913,0,2064,81.816,2.988,0.043,2.945,success,28.0,100.0,6,8,10,64,16,0.12189346498125002,0.16220259148785396,14.947267965475719
83158,1913,0,2064,81.816,2.988,0.043,2.945,success,28.0,100.0,7,8,10,64,16,0.05826738945624999,0.08097655801932363,15.035993341604868
83158,1913,0,2064,81.816,2.988,0.043,2.945,success,28.0,100.0,8,8,10,64,16,0.033574943924999996,0.05053242287889409,15.038491753737132
83158,1913,0,2064,81.816,2.988,0.043,2.945,success,28.0,100.0,9,8,10,64,16,0.024583378184374997,0.04184172145540223,14.962164107958476
83158,1913,0,2064,81.816,2.988,0.043,2.945,success,28.0,100.0,10,8,10,64,16,0.0219452739875,0.040049592861202084,14.999669909477234
83158,1913,0,2064,81.816,2.988,0.043,2.945,success,28.0,100.0,11,8,10,64,16,0.021599731202343753,0.03995080493353905,14.981412609418234
83159,1913,0,2064,480.861,2.953,0.009,2.944,success,28.0,500.0,1,8,10,64,16,0.7614010584812501,0.9194911624781473,14.782247412204743
83159,1913,0,2064,480.861,2.953,0.009,2.944,success,28.0,500.0,2,8,10,64,16,1.01006924373125,1.1574551862223066,14.772300557295482
83159,1913,0,2064,480.861,2.953,0.009,2.944,success,28.0,500.0,3,8,10,64,16,0.9390916732812501,1.0722403503793656,14.75247456630071
83159,1913,0,2064,480.861,2.953,0.009,2.944,success,28.0,500.0,4,8,10,64,16,0.64002444098125,0.7594340071120249,14.71600554784139
83159,1913,0,2064,480.861,2.953,0.009,2.944,success,28.0,500.0,5,8,10,64,16,0.27805653911875,0.3560365063928123,14.751522608598073
83159,1913,0,2064,480.861,2.953,0.009,2.944,success,28.0,500.0,6,8,10,64,16,0.12189346498125002,0.16220259148785396,14.584498087565104
83159,1913,0,2064,480.861,2.953,0.009,2.944,success,28.0,500.0,7,8,10,64,16,0.05826738945624999,0.08097655801932363,14.662492068608602
83159,1913,0,2064,480.861,2.953,0.009,2.944,success,28.0,500.0,8,8,10,64,16,0.033574943924999996,0.05053242287889409,14.69963097969691
83159,1913,0,2064,480.861,2.953,0.009,2.944,success,28.0,500.0,9,8,10,64,16,0.024583378184374997,0.04184172145540223,14.684970084826151
83159,1913,0,2064,480.861,2.953,0.009,2.944,success,28.0,500.0,10,8,10,64,16,0.0219452739875,0.040049592861202084,14.71504249572754
83159,1913,0,2064,480.861,2.953,0.009,2.944,success,28.0,500.0,11,8,10,64,16,0.021599731202343753,0.03995080493353905,14.681822057565054
83158,1913,0,2064,977.741,2.949,0.005,2.944,success,28.0,1000.0,1,8,10,64,16,0.7614010584812501,0.9194911624781473,14.74214695294698
83158,1913,0,2064,977.741,2.949,0.005,2.944,success,28.0,1000.0,2,8,10,64,16,1.01006924373125,1.1574551862223066,14.75256411631902
83158,1913,0,2064,977.741,2.949,0.005,2.944,success,28.0,1000.0,3,8,10,64,16,0.9390916732812501,1.0722403503793656,14.735391867160796
83158,1913,0,2064,977.741,2.949,0.005,2.944,success,28.0,1000.0,4,8,10,64,16,0.64002444098125,0.7594340071120249,14.810236903031667
83158,1913,0,2064,977.741,2.949,0.005,2.944,success,28.0,1000.0,5,8,10,64,16,0.27805653911875,0.3560365063928123,14.756997231642405
83158,1913,0,2064,977.741,2.949,0.005,2.944,success,28.0,1000.0,6,8,10,64,16,0.12189346498125002,0.16220259148785396,14.763215251763661
83158,1913,0,2064,977.741,2.949,0.005,2.944,success,28.0,1000.0,7,8,10,64,16,0.05826738945624999,0.08097655801932363,14.607371890544892
83158,1913,0,2064,977.741,2.949,0.005,2.944,success,28.0,1000.0,8,8,10,64,16,0.033574943924999996,0.05053242287889409,14.707571907838185
83158,1913,0,2064,977.741,2.949,0.005,2.944,success,28.0,1000.0,9,8,10,64,16,0.024583378184374997,0.04184172145540223,14.790544255574543
83158,1913,0,2064,977.741,2.949,0.005,2.944,success,28.0,1000.0,10,8,10,64,16,0.0219452739875,0.040049592861202084,14.703690564632415
83158,1913,0,2064,977.741,2.949,0.005,2.944,success,28.0,1000.0,11,8,10,64,16,0.021599731202343753,0.03995080493353905,14.721095156669616
87503,1913,0,2064,-8.233,5.095,2.111,2.984,success,24.0,2.0,1,16,10,64,16,0.7614010584812501,0.9194911624781473,22.975488098462424
87503,1913,0,2064,-8.233,5.095,2.111,2.984,success,24.0,2.0,2,16,10,64,16,1.01006924373125,1.1574551862223066,23.00883273681005
87503,1913,0,2064,-8.233,5.095,2.111,2.984,success,24.0,2.0,3,16,10,64,16,0.9390916732812501,1.0722403503793656,23.082155346870422
87503,1913,0,2064,-8.233,5.095,2.111,2.984,success,24.0,2.0,4,16,10,64,16,0.64002444098125,0.7594340071120249,23.05907529592514
87503,1913,0,2064,-8.233,5.095,2.111,2.984,success,24.0,2.0,5,16,10,64,16,0.27805653911875,0.3560365063928123,23.109289141496024
87503,1913,0,2064,-8.233,5.095,2.111,2.984,success,24.0,2.0,6,16,10,64,16,0.12189346498125002,0.16220259148785396,23.123817149798075
87503,1913,0,2064,-8.233,5.095,2.111,2.984,success,24.0,2.0,7,16,10,64,16,0.05826738945624999,0.08097655801932363,23.013437096277872
87503,1913,0,2064,-8.233,5.095,2.111,2.984,success,24.0,2.0,8,16,10,64,16,0.033574943924999996,0.05053242287889409,23.00660649140676
87503,1913,0,2064,-8.233,5.095,2.111,2.984,success,24.0,2.0,9,16,10,64,16,0.024583378184374997,0.04184172145540223,23.02366876602173
87503,1913,0,2064,-8.233,5.095,2.111,2.984,success,24.0,2.0,10,16,10,64,16,0.0219452739875,0.040049592861202084,22.998293165365855
87503,1913,0,2064,-8.233,5.095,2.111,2.984,success,24.0,2.0,11,16,10,64,16,0.021599731202343753,0.03995080493353905,22.945694061120353
87505,1913,0,2064,-7.827,4.709,1.732,2.977,success,24.0,2.5,1,16,10,64,16,0.7614010584812501,0.9194911624781473,18.77504138549169
87505,1913,0,2064,-7.827,4.709,1.732,2.977,success,24.0,2.5,2,16,10,64,16,1.01006924373125,1.1574551862223066,18.756901554266612
87505,1913,0,2064,-7.827,4.709,1.732,2.977,success,24.0,2.5,3,16,10,64,16,0.9390916732812501,1.0722403503793656,18.692818546295165
87505,1913,0,2064,-7.827,4.709,1.732,2.977,success,24.0,2.5,4,16,10,64,16,0.64002444098125,0.7594340071120249,18.774727682272594
87505,1913,0,2064,-7.827,4.709,1.732,2.977,success,24.0,2.5,5,16,10,64,16,0.27805653911875,0.3560365063928123,18.740216239293417
87505,1913,0,2064,-7.827,4.709,1.732,2.977,success,24.0,2.5,6,16,10,64,16,0.12189346498125002,0.16220259148785396,18.90202145576477
87505,1913,0,2064,-7.827,4.709,1.732,2.977,success,24.0,2.5,7,16,10,64,16,0.05826738945624999,0.08097655801932363,18.76901052395503
87505,1913,0,2064,-7.827,4.709,1.732,2.977,success,24.0,2.5,8,16,10,64,16,0.033574943924999996,0.05053242287889409,18.674595503012338
87505,1913,0,2064,-7.827,4.709,1.732,2.977,success,24.0,2.5,9,16,10,64,16,0.024583378184374997,0.04184172145540223,18.62851128578186
87505,1913,0,2064,-7.827,4.709,1.732,2.977,success,24.0,2.5,10,16,10,64,16,0.0219452739875,0.040049592861202084,18.737365953127544
87505,1913,0,2064,-7.827,4.709,1.732,2.977,success,24.0,2.5,11,16,10,64,16,0.021599731202343753,0.03995080493353905,18.70493207772573
87498,1913,0,2064,-6.242,4.02,1.056,2.964,success,24.0,4.0,1,16,10,64,16,0.7614010584812501,0.9194911624781473,21.6676478266716
87498,1913,0,2064,-6.242,4.02,1.056,2.964,success,24.0,4.0,2,16,10,64,16,1.01006924373125,1.1574551862223066,21.66004424492518
87498,1913,0,2064,-6.242,4.02,1.056,2.964,success,24.0,4.0,3,16,10,64,16,0.9390916732812501,1.0722403503793656,21.635907232761383
87498,1913,0,2064,-6.242,4.02,1.056,2.964,success,24.0,4.0,4,16,10,64,16,0.64002444098125,0.7594340071120249,21.720840831597645
87498,1913,0,2064,-6.242,4.02,1.056,2.964,success,24.0,4.0,5,16,10,64,16,0.27805653911875,0.3560365063928123,21.620011214415232
87498,1913,0,2064,-6.242,4.02,1.056,2.964,success,24.0,4.0,6,16,10,64,16,0.12189346498125002,0.16220259148785396,21.667780411243438
87498,1913,0,2064,-6.242,4.02,1.056,2.964,success,24.0,4.0,7,16,10,64,16,0.05826738945624999,0.08097655801932363,21.596128924687704
87498,1913,0,2064,-6.242,4.02,1.056,2.964,success,24.0,4.0,8,16,10,64,16,0.033574943924999996,0.05053242287889409,21.597037907441457
87498,1913,0,2064,-6.242,4.02,1.056,2.964,success,24.0,4.0,9,16,10,64,16,0.024583378184374997,0.04184172145540223,21.72302786509196
87498,1913,0,2064,-6.242,4.02,1.056,2.964,success,24.0,4.0,10,16,10,64,16,0.0219452739875,0.040049592861202084,21.712972541650135
87498,1913,0,2064,-6.242,4.02,1.056,2.964,success,24.0,4.0,11,16,10,64,16,0.021599731202343753,0.03995080493353905,21.716005194187165
83157,1913,0,2064,4.656,3.158,0.21,2.948,success,24.0,20.0,1,16,10,64,16,0.7614010584812501,0.9194911624781473,15.813520399729411
83157,1913,0,2064,4.656,3.158,0.21,2.948,success,24.0,20.0,2,16,10,64,16,1.01006924373125,1.1574551862223066,15.723120514551798
83157,1913,0,2064,4.656,3.158,0.21,2.948,success,24.0,20.0,3,16,10,64,16,0.9390916732812501,1.0722403503793656,15.715263370672861
83157,1913,0,2064,4.656,3.158,0.21,2.948,success,24.0,20.0,4,16,10,64,16,0.64002444098125,0.7594340071120249,15.987702270348867
83157,1913,0,2064,4.656,3.158,0.21,2.948,success,24.0,20.0,5,16,10,64,16,0.27805653911875,0.3560365063928123,15.775836610794068
83157,1913,0,2064,4.656,3.158,0.21,2.948,success,24.0,20.0,6,16,10,64,16,0.12189346498125002,0.16220259148785396,15.71881723801295
83157,1913,0,2064,4.656,3.158,0.21,2.948,success,24.0,20.0,7,16,10,64,16,0.05826738945624999,0.08097655801932363,15.768297521273295
83157,1913,0,2064,4.656,3.158,0.21,2.948,success,24.0,20.0,8,16,10,64,16,0.033574943924999996,0.05053242287889409,15.859785898526509
83157,1913,0,2064,4.656,3.158,0.21,2.948,success,24.0,20.0,9,16,10,64,16,0.024583378184374997,0.04184172145540223,15.727615050474803
83157,1913,0,2064,4.656,3.158,0.21,2.948,success,24.0,20.0,10,16,10,64,16,0.0219452739875,0.040049592861202084,15.816524700323741
83157,1913,0,2064,4.656,3.158,0.21,2.948,success,24.0,20.0,11,16,10,64,16,0.021599731202343753,0.03995080493353905,15.68763202826182
83158,1913,0,2064,81.816,2.988,0.043,2.945,success,24.0,100.0,1,16,10,64,16,0.7614010584812501,0.9194911624781473,15.02213670015335
83158,1913,0,2064,81.816,2.988,0.043,2.945,success,24.0,100.0,2,16,10,64,16,1.01006924373125,1.1574551862223066,14.886971859137217
83158,1913,0,2064,81.816,2.988,0.043,2.945,success,24.0,100.0,3,16,10,64,16,0.9390916732812501,1.0722403503793656,15.096084054311117
83158,1913,0,2064,81.816,2.988,0.043,2.945,success,24.0,100.0,4,16,10,64,16,0.64002444098125,0.7594340071120249,14.9219531416893
83158,1913,0,2064,81.816,2.988,0.043,2.945,success,24.0,100.0,5,16,10,64,16,0.27805653911875,0.3560365063928123,15.004412166277568
83158,1913,0,2064,81.816,2.988,0.043,2.945,success,24.0,100.0,6,16,10,64,16,0.12189346498125002,0.16220259148785396,15.063324165344238
83158,1913,0,2064,81.816,2.988,0.043,2.945,success,24.0,100.0,7,16,10,64,16,0.05826738945624999,0.08097655801932363,14.936889600753783
83158,1913,0,2064,81.816,2.988,0.043,2.945,success,24.0,100.0,8,16,10,64,16,0.033574943924999996,0.05053242287889409,14.953114446004232
83158,1913,0,2064,81.816,2.988,0.043,2.945,success,24.0,100.0,9,16,10,64,16,0.024583378184374997,0.04184172145540223,14.985167948404948
83158,1913,0,2064,81.816,2.988,0.043,2.945,success,24.0,100.0,10,16,10,64,16,0.0219452739875,0.040049592861202084,15.073480447133383
83158,1913,0,2064,81.816,2.988,0.043,2.945,success,24.0,100.0,11,16,10,64,16,0.021599731202343753,0.03995080493353905,15.07709203561147
83159,1913,0,2064,480.861,2.953,0.009,2.944,success,24.0,500.0,1,16,10,64,16,0.7614010584812501,0.9194911624781473,14.727434782187144
83159,1913,0,2064,480.861,2.953,0.009,2.944,success,24.0,500.0,2,16,10,64,16,1.01006924373125,1.1574551862223066,14.75863064924876
83159,1913,0,2064,480.861,2.953,0.009,2.944,success,24.0,500.0,3,16,10,64,16,0.9390916732812501,1.0722403503793656,14.743512471516928
83159,1913,0,2064,480.861,2.953,0.009,2.944,success,24.0,500.0,4,16,10,64,16,0.64002444098125,0.7594340071120249,14.709966075420379
83159,1913,0,2064,480.861,2.953,0.009,2.944,success,24.0,500.0,5,16,10,64,16,0.27805653911875,0.3560365063928123,14.698873790105184
83159,1913,0,2064,480.861,2.953,0.009,2.944,success,24.0,500.0,6,16,10,64,16,0.12189346498125002,0.16220259148785396,14.672650309403737
83159,1913,0,2064,480.861,2.953,0.009,2.944,success,24.0,500.0,7,16,10,64,16,0.05826738945624999,0.08097655801932363,14.691833357016245
83159,1913,0,2064,480.861,2.953,0.009,2.944,success,24.0,500.0,8,16,10,64,16,0.033574943924999996,0.05053242287889409,14.754845877488455
83159,1913,0,2064,480.861,2.953,0.009,2.944,success,24.0,500.0,9,16,10,64,16,0.024583378184374997,0.04184172145540223,14.754110125700633
83159,1913,0,2064,480.861,2.953,0.009,2.944,success,24.0,500.0,10,16,10,64,16,0.0219452739875,0.040049592861202084,14.668273588021597
83159,1913,0,2064,480.861,2.953,0.009,2.944,success,24.0,500.0,11,16,10,64,16,0.021599731202343753,0.03995080493353905,14.608961232503255
83158,1913,0,2064,977.741,2.949,0.005,2.944,success,24.0,1000.0,1,16,10,64,16,0.7614010584812501,0.9194911624781473,14.706993770599365
83158,1913,0,2064,977.741,2.949,0.005,2.944,success,24.0,1000.0,2,16,10,64,16,1.01006924373125,1.1574551862223066,14.755253847440084
83158,1913,0,2064,977.741,2.949,0.005,2.944,success,24.0,1000.0,3,16,10,64,16,0.9390916732812501,1.0722403503793656,14.734669637680053
83158,1913,0,2064,977.741,2.949,0.005,2.944,success,24.0,1000.0,4,16,10,64,16,0.64002444098125,0.7594340071120249,14.730760824680328
83158,1913,0,2064,977.741,2.949,0.005,2.944,success,24.0,1000.0,5,16,10,64,16,0.27805653911875,0.3560365063928123,14.698541871706645
83158,1913,0,2064,977.741,2.949,0.005,2.944,success,24.0,1000.0,6,16,10,64,16,0.12189346498125002,0.16220259148785396,14.665023100376128
83158,1913,0,2064,977.741,2.949,0.005,2.944,success,24.0,1000.0,7,16,10,64,16,0.05826738945624999,0.08097655801932363,14.796572216351827
83158,1913,0,2064,977.741,2.949,0.005,2.944,success,24.0,1000.0,8,16,10,64,16,0.033574943924999996,0.05053242287889409,14.667855107784272
83158,1913,0,2064,977.741,2.949,0.005,2.944,success,24.0,1000.0,9,16,10,64,16,0.024583378184374997,0.04184172145540223,14.774562736352285
83158,1913,0,2064,977.741,2.949,0.005,2.944,success,24.0,1000.0,10,16,10,64,16,0.0219452739875,0.040049592861202084,14.714767328898112
83158,1913,0,2064,977.741,2.949,0.005,2.944,success,24.0,1000.0,11,16,10,64,16,0.021599731202343753,0.03995080493353905,14.76348086198171
