0000010010001001 0000001110010111 0000100011011101 0000100100011010 0000011101011110 0000011010111000 0000010011101001 0000010000101011 0000011110000101 0000100100001000 0000100010010001 0000011100111100 0000100011101100 0000001110011000 0000100011000011 0000100011001000
0000011001110111 0000010000000000 0000101000110001 0000101010110000 0000101000100000 0000100101111110 0000011111101100 0000011001000101 0000101000101110 0000101100111010 0000101011111110 0000101101010100 0000111000110101 0000010000000000 0000100110100110 0000101011011001
0000100110000110 0000001010010101 0000100111000111 0000011111111000 0000011001000001 0000010110011000 0000001110111110 0000010010010110 0000100000111111 0000100000101100 0000011111101001 0000011110001010 0000011111110111 0000010011111101 0000100000010101 0000100001001110
0000011000011010 0000001110111111 0000011011110001 0000011100110110 0000010110111011 0000010010001110 0000001101110011 0000001100001111 0000011000010010 0000011010101111 0000011010100010 0000011011010110 0000010111101101 0000010000111001 0000011010000000 0000011010110111
0000001110110011 0000001011110001 0000010100000111 0000011000101000 0000010101000001 0000010010110001 0000001110100101 0000001010011001 0000010000100011 0000010011100010 0000010010100100 0000010110100100 0000010010000011 0000001110001101 0000010001010100 0000010100001100
0000001001010100 0000001110011100 0000010001110001 0000010101111010 0000010010010001 0000001101011111 0000001100100000 0000000110011110 0000001110010010 0000011011100100 0000010010100000 0000010101000010 0000001111101010 0000001110010111 0000010000001100 0000010011100011
0000001100010010 0000001111111110 0000010110110101 0000011010011100 0000010110101011 0000010001001011 0000001110001100 0000000111110000 0000010000001110 0000010101011010 0000010101100110 0000011010101010 0000010110101011 0000010000001110 0000001000100010 0000010010010010
0000001100000111 0000001110001011 0000010110011001 0000011010101111 0000010111000111 0000010011100110 0000011010110101 0000001011110100 0000001101111110 0000010010010010 0000010100010101 0000011100000001 0000010111000010 0000001111011111 0000001001010001 0000010000000100
0000001011100011 0000001101011001 0000010011110011 0000010111101110 0000010100101001 0000010001110111 0000011000010011 0000001100101001 0000001010011011 0000001110100001 0000010001011100 0000011001001010 0000010100011010 0000001111110011 0000000110111101 0000001100010000
0000001000101001 0000001010100100 0000001110001011 0000010001000100 0000001110101100 0000001011000000 0000001001000000 0000000100000001 0000000111101110 0000001100110111 0000001010101001 0000010001001100 0000001110110000 0000001101000100 0000001001110010 0000001100111000
0000000001111100 0000000101100101 0000001111001010 0000001000010100 0000000101011000 1111111110010010 1111111010111100 1111111111010111 0000001010011100 0000000110101110 0000001011000010 0000001110100100 0000000110110011 0000000110110100 0000001110110000 0000001110001010
0000010100000101 0000000111001010 0000001101010111 0000001000010100 0000000110001011 1111111101010111 1111110101011100 0000000100011101 0000001011000001 0000001000111110 0000001000100111 0000001101111100 1111111110100011 0000000110110111 0000010000000110 0000001111101111
0000001011011001 1111111011001100 0000001100000011 0000001000111010 1111111010111100 1111111010100011 1111110101110111 0000001010111011 0000001000111000 0000000111001011 0000000110111011 0000001100110101 1111111111101000 1111110010111101 0000001111111000 0000010010100110
1111111111001111 0000000111010101 0000000110110000 0000000100000011 0000000000010111 1111110101101000 1111110101100100 0000001100001111 0000000011011011 1111111111101101 0000000011101100 0000000111011110 0000000010100010 0000000001101110 0000000111010011 0000001010100001
0000000001101010 1111110110000000 0000000111010100 0000000110110011 0000000011011100 1111110100110110 1111110110001001 0000001011110000 0000000101000110 0000000110111101 0000001010011111 0000001110000011 0000000100001001 1111110001010011 0000001001010001 0000001010111100
0000001101011001 0000001100111110 0000001101110110 0000001111110111 0000001011011010 0000000010010001 0000000001101111 0000001000000111 0000001101110011 0000011000011001 0000001111100111 0000010000111111 0000001011111000 0000001111011101 0000010011110100 0000011011001100
0000000010100100 0000000001100011 0000001001111100 1111110101111010 1111110100001001 1111110110110000 1111111111100101 0000001011000001 0000001100010000 1111110011001000 1111110101011100 1111101111101011 1111110000110100 1111110010010010 0000001110001111 0000001010011111
0000001010011111 1111111001101101 0000000010010100 0000000010100100 1111111001100111 1111111011001100 1111111100011110 0000001101010001 0000001001001011 0000000100011000 0000000011010010 0000000010111100 1111111011111001 1111110011001001 0000001100001011 0000001001001100
0000011011011110 0000001000001100 0000000110110100 0000000101100110 0000001000011000 1111111000100000 1111111111101000 0000001111011011 0000001011001001 0000001000011110 0000000101101010 0000001001011101 0000000101001100 0000010100111101 0000001100110001 0000001010111110
0000011100101000 0000010000000000 0000001110101101 0000001110000011 0000001100100011 0000001010111100 0000000100011111 0000010101101100 0000010101100110 0000010010100110 0000001011100111 0000001111000001 0000010011001110 0000010000000000 0000011000110000 0000010111101100
0000001011101011 0000001111011001 0000001101101100 0000000100011000 0000000101010111 0000000111110100 0000001010010011 0000001000100010 0000001010101011 0000000011100100 0000000010000011 0000001100100111 0000010001110001 0000010000001100 0000001101100100 0000001011100111
0000000011000010 0000001001110010 0000010010010111 0000000001000100 0000000011011011 0000000111101110 0000010100100110 0000001001101101 0000001000101001 0000000001111010 0000000110101011 0000001110001110 0000001111100100 0000010000001111 0000001111011100 0000001001101101
0000010011000100 0000001101011111 0000001110000111 0000001000010100 0000001000000010 0000000111011101 0000001001111010 0000010111100101 0000001110011111 0000001000101111 0000001010100010 0000001101111001 0000001100101001 0000010000000101 0000010011101001 0000010001111110
0000000100010001 0000001000000101 0000010101000010 0000000011011110 1111111110011011 1111111011010100 0000000001110000 0000001100110001 0000001100001111 0000000101011001 0000001001110100 0000010001101010 0000000011110111 0000001000001011 0000001111111001 0000001100010000
0000000100100101 1111110110011000 0000010011011001 0000000100111111 1111111110011111 1111111011000001 1111111010110000 0000010101000010 0000001110010011 0000001010001100 0000001000110011 0000010000111101 0000000101101100 1111110010001001 0000010000000101 0000010011100011
0000000101001101 0000001001010110 0000001100110100 0000001011000010 0000000101000100 0000000010011101 1111111101110110 0000001110110100 0000001100110000 0000001100011101 0000000110010000 0000001101000011 0000001000101000 0000001010100011 0000001101100110 0000001100011100
1111111010010011 1111111110011001 0000001100101110 0000000100101100 0000000000010010 1111111110100001 0000000000101110 0000000010101001 0000000111110000 0000000100000001 0000000011110001 0000001011100010 0000000011010000 0000000110100011 0000000111011001 0000000010111001
0000000011110110 0000000111011110 0000001000100000 0000000000011101 1111111001010110 1111111010011100 1111111111100010 0000000110001000 0000001000111000 0000000100011000 0000000110111010 0000001001001001 1111111101101001 0000000011101110 0000001000100000 0000001000011101
0000000011110110 0000000111110000 0000000011101100 0000000011010101 1111111111101001 1111110100100110 1111110101000101 0000001110100011 0000001000010110 0000001000111100 0000000011110011 0000001010010011 1111111001111100 1111111110110010 0000000111110101 0000000001101110
0000001011011011 0000001010011000 0000000110100101 0000000111111110 0000000100110011 1111111101100001 0000000110110101 0000001110000010 0000001111011111 0000001100100011 0000001001101011 0000000101001010 0000000100000011 0000001000111011 0000010000100001 0000000100110111
0000001100111000 0000001110011010 0000000111000101 0000001001001101 0000000110100101 1111111111010010 0000000101100111 0000001111111001 0000010000000010 0000001001110010 0000001000001001 1111111111001101 0000000101111000 1111111101111011 0000001110110111 1111111011101001
1111110100100001 0000001010101100 1111111111001100 0000001100100001 0000000100011110 1111111100011010 0000000100110110 1111111000010100 0000000111001011 1111111100111110 0000000011110000 1111111101011010 0000001100001010 1111111011010001 0000001011001111 0000010001000111
1111110101101001 1111111001100100 0000001010011111 1111110111011110 1111111010111010 1111101110110011 1111101111010000 1111110100010110 0000000100000001 0000001101011000 1111110011101000 0000000010111110 1111101111000111 1111100110010010 0000000111101001 0000000110010000
1111101111100011 1111110001110110 1111110000000000 1111101110001010 1111111001100010 0000000100000010 1111101101001011 0000000110111000 0000010000000000 1111101111111011 1111110000101001 0000001111100010 1111101100111110 1111101011100111 1111101011100000 1111110101000010
1111100111111101 1111110000110001 0000010000000000 1111101110101000 1111101110110101 0000000100110001 1111110010111110 0000000001010001 1111110000000000 1111110000000111 1111111100100011 0000010110000001 1111101111000111 1111110101111000 0000010000000000 1111111010001101
1111110110011001 1111110111100110 1111110000000000 1111111010000111 1111110101000100 1111111101101101 1111110100010001 0000000010011011 0000010100001101 1111110111010001 0000000011010101 0000010001101111 1111111111011110 1111110101110101 1111100111100100 0000001010001101
1111111110000111 0000000100110000 0000010000000000 1111111110000010 1111110111100111 1111111011010010 1111110111101000 0000001111010110 0000010001000000 0000001001001001 0000000111010001 0000010000100111 1111111110101111 1111111010101011 0000010001010000 0000001001101101
0000000001001100 0000000010111101 0000010000000000 1111111001001101 1111110010010111 1111110111001011 1111101010110001 0000010001000110 0000010011100100 1111110111101011 0000000100100000 0000010011011101 1111111001101000 1111110001001110 0000010000000000 0000001010010110
0000001001100001 1111111111101100 0000010000000000 1111111110101001 1111110111111100 1111111000111001 1111110111001111 0000100001101011 0000010000000011 0000001011011101 0000001001010110 0000010001011000 1111111101101001 1111111110100001 0000001101101000 0000010011111000
0000000111101010 0000000011111110 0000010000000000 0000000000011101 1111111001010001 1111111010110011 1111111000000001 0000100001011100 0000010000000000 0000001011110110 0000001110000000 0000010001101000 0000000001101011 1111110110100011 0000001110010100 0000010100110101
0000000001100000 0000000001110000 0000010110010001 1111111110101001 1111111001011010 1111111001011100 1111110101101100 0000010111101010 0000010000000010 0000001000101110 0000010010010111 0000010001111100 1111111111000111 1111110110110001 0000001111100101 0000010010111011
0000001000100110 0000001000001001 0000010000000100 0000001001100001 0000000001101000 1111111101010010 1111110111101000 0000011001001011 0000010010001000 0000010010111011 0000010010010010 0000010000010010 0000000011001000 0000000010010110 0000010011010101 0000011010001111
0000001011000011 0000001010000011 0000010000011000 0000001010011011 0000000001011110 1111111111101000 1111111110010000 0000011001101110 0000010000011100 0000010001111010 0000010010000001 0000001111101110 0000000110011011 0000001000101101 0000010001000110 0000010100100000
0000001010001000 0000000111111011 0000010001101001 0000000111101101 1111111111011111 1111111110111011 0000000100000101 0000010001011101 0000001111000111 0000001010101100 0000001111101000 0000001111101101 0000001000111111 0000001101011010 0000001111111101 0000001111101111
0000010000110111 0000001100010011 0000001110110110 0000001100110110 0000001000101110 0000000110110000 0000001001001001 0000010001010001 0000010001000010 0000011001010000 0000001111000010 0000001111110001 0000010001100010 0000001111100001 0000010011001110 0000010110000100
0000001110001101 0000001101111110 0000001110001111 0000001011101000 0000000111010011 0000000101000010 0000001000000110 0000010110011001 0000010001010000 0000011001100111 0000001111000001 0000001111000101 0000001110010101 0000010000111000 0000010110000110 0000010011111000
0000010100100010 0000001101001100 0000010001100000 0000010001111110 0000001100100011 0000000111001000 0000001000111111 0000011011000001 0000010101100101 0000011000100011 0000010011010000 0000010010011011 0000010011000011 0000010001000000 0000010110111011 0000010110011010
0000001010110000 0000001101101010 0000001110110001 0000001111110111 0000001010001111 0000000110001100 0000000111100101 0000001100010001 0000001111111010 0000011010001000 0000010010001111 0000010000010100 0000010000010011 0000001110110011 0000001111000110 0000010001000001
1111110010110100 1111101011111110 0000010000000000 1111110011110000 1111110001111100 1111110001111000 1111110001101111 0000000101110010 0000010000000000 0000010000000000 1111011011110011 0000100010101000 1111011100110011 1111011011100000 0000010000000000 1111110000101101
1111101011101101 1111100100111100 1111110000000000 1111110001011111 1111110100011010 1111111010000101 0000001010000010 1111101111111001 0000010000000000 0000010000000000 1111010001010100 1111110000000000 1111010100111111 1111010101100011 1111110000000000 0000010000000101
1111110000000100 1111100100010101 0000010000000000 1111100110111111 1111101110111101 0000010100100001 0000010000110111 0000000000101010 1111110000000000 0000010000000000 1111001110101100 1111110000000000 1111100000010110 1111000111110100 0000010000000000 0000000110010001
1111111100110100 1111101110011011 0000010000000000 1111100110011011 1111101000100101 1111101001111110 1111101111100101 1111110111001101 0000010000000000 0000010000000000 1111101100011000 1111110001110110 1111110100101000 1111100100100111 0000010110101011 0000010000100111
0000000010011011 1111110111101110 1111110000001010 1111111000100001 1111111000111111 1111101100001000 0000001001011100 1111110011110010 1111110000000000 0000000010010001 1111110110110111 1111101111100111 1111111111100100 1111101110010111 1111110011101100 1111111011111111
1111101100000011 1111111000011011 1111111010001101 1111101111010110 1111111000010101 1111101101010001 1111101110111011 1111101011000010 1111101111001110 0000000111110110 1111110011011100 1111101101111100 1111110000101111 1111101110001111 1111110111011101 1111101110001100
0000001001100110 1111110101100000 1111101110001100 0000001100111110 1111110110100111 1111110110100001 0000000111111111 0000001010100111 0000010000000000 1111110000000100 1111101101111000 1111111111001100 0000100000010011 1111101000100111 1111111101011001 0000010000000000
0000000111100000 1111110010111010 0000000011101000 1111101101011101 1111110110100000 1111101001111100 1111110010110000 1111110001011010 1111110000000000 1111110000001101 1111101100010100 0000000110000100 0000001000001110 1111100100111111 0000000010100101 1111101111011110
1111111101100110 1111101100110101 1111110000000000 1111101011111001 1111111101011010 1111111110111101 1111101111100000 1111110011011110 1111110000000000 1111110000011111 1111101010010111 1111110000110101 1111110001101100 1111100110011011 1111101101111111 0000001010001011
1111110111010101 1111101101000001 0000010000000000 1111100001101001 1111110000001000 1111101011101110 1111101110111000 1111111110010000 1111110000000000 1111110000101010 1111101001101011 0000010000000000 1111101010101000 1111100100101110 0000010000000000 1111110110000001
1111110111000001 1111101011111000 0000010000000000 1111100001010101 1111110000000000 1111101001101111 1111100110100001 1111111101001011 0000010000000000 0000011000101000 1111101011010110 0000010000000000 1111101001100001 1111100010001000 0000010000000000 1111101100101010
1111111110101110 1111111000011000 1111111011100001 1111100111011000 1111110000000000 1111110110011001 1111101001001111 0000001010001011 1111110000000000 1111101111111010 1111101111010111 0000010000000000 1111101100011101 1111101000100100 0000010000000000 1111111000001110
1111111110011010 1111111000100000 0000010000000000 1111100100111101 1111110000000000 1111101011111010 1111100100001100 0000000011001110 0000010000000000 0000010101000101 1111101111010101 0000010000000000 1111101011101110 1111101001101110 0000010000000000 1111110110101000
0000000010011011 1111111010100111 0000010000000000 1111100010110110 1111110101110011 1111100101101101 1111100111010011 0000001010100010 0000010000000000 1111101111110111 1111110101000010 0000010000000000 1111101101100011 1111101110111010 0000010000000000 0000000000110011
0000000000010001 1111111010111000 0000010000000000 1111100101010001 1111110001101100 1111100101111011 1111010111111010 0000001010001110 1111110000000000 1111101110100000 1111110101010101 0000010000000000 1111100101100000 1111100111101110 0000010000000000 0000000001111100
0000000011101010 1111111100111100 0000010000000000 1111010110010001 1111101111110101 1111100001111101 1111100001010100 0000010011001100 0000010000000000 1111101111111100 1111110010100101 0000010000000000 1111100011010011 1111101000100001 0000001100111010 0000000100010001
1111100100110101 1111100111000101 0000010000000000 1111111100111100 1111110110000001 0000000010111001 1111110011011111 1111110010111000 0000010000000000 0000001010001110 0000000010101111 1111101110001110 0000000001101011 1111111110010101 0000010000000000 1111110110011000
1111100110111111 1111110010110000 0000010000000000 1111111011111001 1111110110110000 0000000110000001 1111111011110100 1111110000011101 1111101100111111 0000000111111001 1111111111010010 0000001101100000 0000000010011001 0000000110100010 0000010000000000 1111110100101101
1111101010011000 1111110110011110 0000010000000000 1111111100010100 1111110101001001 1111111010111111 1111111100110100 1111110011000000 1111101100101100 1111110100001001 1111110101000011 1111110010110011 0000000000111100 0000000101011011 0000011001110110 1111110111000110
1111101100110100 1111110011011000 1111101110010011 1111110111101101 0000001001110010 1111110110110001 1111111011111010 1111110111100010 0000010010011001 0000001000011111 0000000010100111 0000001010110000 1111111000001111 1111110110001101 1111110000011000 0000000110010011
1111101111000100 1111111000011011 1111101101110011 1111111001001001 0000000011011101 1111110111001111 1111111110001100 1111111010011011 1111101011001001 0000000101100001 0000000111100100 0000001101010100 1111111011001001 1111110111100101 0000010001101010 1111110010100001
1111110011100011 1111111000110110 1111110010001110 1111111110111101 0000000101100110 1111111101011110 1111111100010100 0000001000010110 0000010000100100 0000000010001000 1111110110001000 0000000111011110 0000000011110100 1111111111101011 1111110001110100 1111111100101001
1111101000011111 1111110000011110 0000010101101110 1111110111010010 1111110111010100 0000000100010110 0000000101011010 0000000010010010 1111101101100011 0000000101111000 0000001000010011 1111110001100001 0000000010011101 1111111101101100 0000001110010010 1111111111100111
1111100011010010 1111111100101100 0000010101011011 1111111101011011 1111110111001111 0000000110100011 0000000001100010 1111110001110010 0000010010110010 0000000010011101 0000001001011000 0000001110100100 0000001000100011 0000001001000100 0000001110100010 1111110100110001
1111110100111001 1111111010110100 1111110000000001 0000000011000110 1111111010110101 0000000111110101 0000000011110010 0000001110011110 1111101111000001 1111110110110010 0000001000000011 1111110111111011 0000000111110100 0000000011101010 1111110000001000 1111110010110111
1111110010111101 1111111011011001 0000001110110100 1111111111100001 0000000110110011 0000000101100100 0000000010111001 0000001011100100 0000010000110001 0000000101111001 1111110111011100 0000001100101101 0000000010001010 1111111100111011 0000001000000001 0000000101010100
1111110101010000 1111111101000100 0000001000011111 0000000000011011 1111111000100010 1111111011101100 0000000011010011 1111110010110111 0000001100001100 1111111000100110 0000000111111100 1111111000100110 0000000000111001 0000000010010011 0000000011111101 1111111101001101
1111101110101011 1111110001100100 0000010100111100 1111111011100101 0000001010101100 0000000011011111 1111111111101001 1111110010100111 1111101110100001 0000001011000111 1111111111110000 0000001001010011 1111111001100011 1111110100011111 0000001101111111 0000000110101011
1111110111011110 0000000100100011 0000000101000111 0000000000010111 0000001011000111 0000000000111000 1111111001111010 1111110100100100 0000000101000100 1111111010110110 0000000111100101 0000001010011100 0000000011111101 0000000110010101 0000000011010001 0000000111011000
1111110110011100 1111111011011101 1111110100011001 1111111001110111 1111111000011100 0000000111111011 0000000000100100 0000010001111100 0000001110111110 0000000111111101 1111111101101101 1111111000111001 0000000001101101 1111110100111001 1111110110111110 1111110000001111
1111111010010110 1111110110011111 1111110001010111 1111110101110111 0000000011010001 0000000101100100 1111110010011010 1111101110001100 0000010010001111 0000001010100101 0000000010111010 1111110110001110 0000000011101000 1111110100100110 1111111001111111 1111101111110101
1111110011110001 1111111110101000 0000001011011111 1111111100110100 0000000111001100 1111111001110110 0000000100010010 1111110000110100 0000010001000101 0000000101101101 0000001000100110 0000001000010101 1111111001000001 0000000001101100 0000000011111000 1111110001101010
0000001001010011 0000000111011001 0000001010110000 0000000110001100 0000000101111110 0000000010010011 0000000011001001 0000000010001101 0000001001010111 0000000110000001 0000001000010111 0000001000100100 0000001000011100 0000001010111100 0000001001001111 0000000101101111
0000000011011001 0000000011100000 0000001011111001 0000000100111111 0000000100000101 1111111111100011 1111111101001010 1111111110110100 0000001000000100 0000000100100111 0000000101101001 0000001010000100 0000000101010001 0000000110100001 0000001001010011 0000000001110111
1111111011011010 1111111111101001 1111110001101001 0000000011010001 0000000011001010 1111111111111110 1111111100001010 1111111000000100 0000001001001110 0000000110101010 0000000101111000 0000001010000101 0000000010011010 0000000010111000 1111110100000011 0000000010101000
1111110011010110 1111110010010101 0000010011110000 1111111110011010 1111111000101011 1111111000001111 1111110110010011 1111110011000110 0000001111000101 0000001011001101 0000000000010100 0000001000111001 1111111000110100 1111111011000110 0000001110001001 0000000101101011
1111110010000100 0000000001011110 0000010100011101 1111111110100010 1111110101010110 1111110110001010 1111110100101101 1111110101111101 1111110100000111 0000001011010101 1111111101110000 0000000111110111 1111101011101101 1111111111111010 0000001110110011 0000001000111100
1111111001110110 1111111111000100 0000001101010110 1111111101100011 1111110100111001 1111110111011110 1111110111110010 1111111010111011 1111110001100111 0000000111011011 1111111111110000 0000000111100011 1111110111001101 1111111101001100 0000001010011100 0000001000010101
0000000001010101 0000000001100101 0000000011100101 1111111110110101 0000000000111010 1111111010001110 0000000010001111 0000000000111100 1111111000011110 0000000100010001 0000000010001000 0000000001011011 1111111111111100 0000000101110110 0000000101101011 0000000000000101
0000001000000101 0000000100100010 1111111111011111 0000000000001010 0000000010000101 1111111110101011 0000000100101111 0000000011110010 0000000011011001 0000000110010001 0000001000010011 0000000000010010 0000000110101010 0000001000100101 0000001101101001 0000000010101110
0000010000010010 0000000101000100 0000000000101101 0000001000111100 0000000010000001 1111111110111011 0000000010000101 1111110011110010 0000000001001101 1111111111011101 0000001100000011 1111111111111000 1111101111001010 0000001001111111 0000001011001111 0000010000101001
0000010000000000 0000000110010110 0000000100101010 1111110010100100 0000001010010111 0000000101100101 1111111100100011 0000010000000000 0000001000011110 0000000111010100 0000001110110110 0000000110010100 0000010000000000 0000001000110110 0000000010000001 1111110000000000
0000010000000000 0000001001010001 0000001010101110 1111110010000000 0000001110011110 0000001000010011 1111111011110110 0000010101100100 0000000011111110 0000001011110101 0000010001011110 0000000111100110 0000010000000000 0000001000000001 1111111101011001 1111110000000000
0000010000000000 0000001110000101 0000001111010010 0000000011101110 0000010000101011 0000001001111001 0000000000010010 0000010001001010 0000001010101111 0000010100111110 0000010110001001 0000001001100000 0000010000000000 0000001100110111 0000000011010101 1111101101000001
0000010000100110 0000010001000001 0000010011100010 0000011100000110 0000010011100001 0000001101101101 0000000001011101 0000001110000010 0000010011011100 0000011010101111 0000011101000000 0000010011111100 0000010000010110 0000001111100010 0000001111110111 0000010000111011
0000010001010101 0000010010110001 0000010111011110 0000011000010100 0000011001001000 0000010000110101 0000001000010101 0000010000001101 0000010111111101 0000011100010011 0000011010011111 0000010111010111 0000010010011011 0000010000110011 0000010011110100 0000100000101111
0000001000111001 0000001101011010 0000001100110010 0000001010011011 0000000111000001 0000000001100101 1111111000101101 0000001000101101 0000001111010011 0000010001111101 0000001110110101 0000001110111101 0000001010000101 0000001011100111 0000001011011011 0000010000011000
0000000100010001 0000001000100111 0000010001011000 0000000101010010 1111111111100011 1111111000110100 1111110110110111 0000000100011111 0000001110101001 0000001101000111 0000010000010101 0000010001000100 0000001000111111 0000001010011001 0000001111010011 0000001110110010
1111110111101000 0000000011001000 0000001001100001 1111111010010100 0000000101010011 1111110111111010 0000000011100110 1111101100010001 0000001100110010 0000000000100011 1111111101011100 1111110100011001 0000000011101010 0000001000101111 0000000100001000 1111110000111111
0000000111010011 1111111001010101 0000000100001000 0000000101001100 1111110110111111 0000000000101101 1111111000101011 1111101010011101 0000001000010100 1111111111010110 1111110101101111 1111110111110011 1111110110111110 1111111010010010 1111111101110001 0000010000000100
1111110001000111 1111111001100110 1111111100111110 1111110001001101 0000000011110110 0000000100001110 1111110001001110 0000010000000000 1111110000010110 0000000110001110 1111110001111101 1111110001110011 0000001101100110 1111110111001111 1111110011011111 1111110000000000
0000010110101001 1111111000001100 1111110010101100 0000010011111001 1111110011001100 0000001000101001 1111101111000100 0000010000000000 1111101111110101 0000001011001010 1111110110001011 1111101011011101 1111110001001100 1111110000111101 1111110100010100 0000010000000000
