0000010010001 0000001110001 0000100011100 0000100100011 0000011101011 0000011010111 0000010011101 0000010000011 0000011110001 0000100100001 0000100001110 0000011100101 0000100011110 0000001110010 0000100011001 0000100011001
0000011001110 0000010000000 0000101000110 0000101010110 0000101000101 0000100110000 0000011111110 0000011000101 0000101000110 0000101100111 0000101011101 0000101100111 0000111000110 0000010000000 0000100110101 0000101011011
0000100110001 0000001010000 0000100111000 0000011111111 0000011000111 0000010110011 0000001111000 0000010010000 0000100001000 0000100000101 0000011111010 0000011110000 0000011111101 0000010000000 0000100000011 0000100001010
0000011000010 0000001110111 0000011011110 0000011100111 0000010110111 0000010010010 0000001101110 0000001100001 0000011000010 0000011010110 0000011010011 0000011011010 0000010111100 0000010000111 0000011010000 0000011010111
0000001110101 0000001011101 0000010100001 0000011000101 0000010101000 0000010010110 0000001110101 0000001010010 0000010000100 0000010011100 0000010010010 0000010110011 0000010001111 0000001110010 0000010001010 0000010100010
0000001001010 0000001110100 0000010001110 0000010101111 0000010010010 0000001101100 0000001100011 0000000110011 0000001110010 0000011011101 0000010010010 0000010100111 0000001111101 0000001110100 0000010000001 0000010011100
0000001100010 0000001111111 0000010110110 0000011010011 0000010110101 0000010001001 0000001110010 0000000111110 0000010000010 0000010101011 0000010101100 0000011010011 0000010110100 0000010000001 0000001000110 0000010010010
0000001100000 0000001110001 0000010110100 0000011010110 0000010111001 0000010011101 0000011010011 0000001011111 0000001110000 0000010010010 0000010100010 0000011011111 0000010111001 0000001111011 0000001001010 0000010000000
0000001011100 0000001101010 0000010011110 0000010111110 0000010100101 0000010001111 0000011000000 0000001100101 0000001010011 0000001110100 0000010001110 0000011001001 0000010100010 0000001111101 0000000111000 0000001100010
0000001000101 0000001010100 0000001110001 0000010001001 0000001110101 0000001011000 0000001001000 0000000011111 0000000111110 0000001100110 0000001010011 0000010001001 0000001110101 0000001101001 0000001001101 0000001100111
0000000001111 0000000101100 0000001111001 0000001000010 0000000101011 1111111110011 1111111010111 1111111111010 0000001010011 0000000110101 0000001010101 0000001110100 0000000110111 0000000111000 0000001110101 0000001110001
0000001101101 0000000111000 0000001101010 0000001000010 0000000110010 1111111101100 1111111000100 0000000100010 0000001010111 0000001000000 0000001000100 0000001110000 1111111110101 0000000111000 0000010000000 0000001111110
0000001010110 0000000111101 0000001100001 0000001000111 0000000011110 1111111010101 1111111000001 0000000101001 0000001000110 0000000110101 0000000110111 0000001100111 1111111111111 0000001000001 0000001111111 0000001111010
0000001000110 1111111100001 0000000110101 0000000111011 0000000000100 1111110101110 1111110101100 0000000011000 0000000011001 1111111111011 0000000100000 0000000111100 1111110110101 1111110011000 0000000111010 0000000011001
0000001001110 1111110101101 0000000111010 0000000110110 0000000011101 1111110100111 1111110110010 0000001011111 0000000100111 0000001000110 0000001000000 0000001110001 0000000001010 0000001011010 0000001001010 0000001010111
0000001100111 0000001100110 0000001101110 0000001111111 0000001011011 0000000010010 0000000001100 0000001000000 0000001101110 0000010101011 0000001111100 0000010000111 0000001000111 0000001111101 0000010011110 0000011011010
0000000001110 0000000001001 0000000001010 1111111000100 1111111000010 1111110101001 1111110101100 0000000000100 1111110011101 0000000011111 1111110101111 1111111101110 1111110001101 1111110010001 0000000110100 1111111001010
0000001010010 0000000111101 0000000010010 0000000010101 0000000000011 1111111011001 1111111100011 0000001101000 0000001001000 0000000100011 1111111100100 0000000011010 1111111011101 0000001010001 0000001100000 0000001001001
0000011011001 0000001000001 0000000110101 0000000101101 0000000001111 1111111000011 1111111101100 0000001111000 0000001011000 0000000101001 1111111100110 0000001001100 0000000100110 1111101100000 0000001100110 0000001011000
0000011100101 0000010000000 0000001110101 0000001110000 0000001100100 0000001010111 0000000100101 0000010101011 0000010101100 0000010010101 0000001011101 0000001111000 0000010011010 0000010000000 0000011000110 0000010111101
0000001011101 0000001111011 0000001101110 0000000100011 0000000101010 0000000111110 0000001010010 0000001000011 0000001010101 0000001100000 0000000001111 0000001100101 0000010001110 0000010000001 0000001101100 0000001011101
0000000011000 0000001001100 0000010010010 0000000001000 0000000011011 0000000111110 0000001010111 0000001001100 0000001000101 0000000001111 0000000110011 0000001110010 0000001111101 0000010000001 0000001111011 0000001001110
0000010011001 0000001101010 0000001110001 0000001000010 0000001000001 0000001010101 0000001001111 0000010111011 0000001110011 0000010010010 0000001010100 0000001101111 0000001100101 0000010000000 0000010011100 0000010010000
0000000100010 0000001000000 0000010101001 0000000011100 1111111110011 1111111011011 0000000001110 0000001100110 0000001100010 0000000101010 0000001001100 0000010001111 0000000011111 0000001000010 0000001111111 0000001100010
0000000100101 0000000111110 0000010011100 0000000101000 1111111110100 1111111011001 1111111010110 0000100001100 0000001110010 0000001010111 0000001000101 0000010001000 0000000101110 0000001101111 0000010000000 0000010011100
0000000101010 0000001001010 0000001100110 0000001011000 0000000101000 0000000010100 0000000001110 0000001110101 0000001100101 0000001011101 0000000110010 0000001101001 0000001000101 0000001010100 0000001101100 0000011001111
1111111010011 1111111110010 0000001100100 0000000100101 0000000000010 1111111110100 0000000000110 0000000010001 0000000111110 0000000011111 0000000011111 0000001011101 0000000011001 1111111011001 0000000111010 0000000010111
0000000011110 0000000100100 0000001000100 0000000000100 1111111100100 1111111010100 1111111111011 0000000101111 0000001000110 0000000100010 0000000011000 0000001001010 1111111101101 1111110111100 0000001000100 0000001000011
0000000101010 0000000100100 0000000011101 0000000011010 1111111001000 1111110100101 1111111110010 0000001000100 0000001000001 1111111011101 1111111111111 0000001010101 1111111001001 1111110011001 0000000111101 0000000001101
0000001011011 0000001010010 0000000110101 0000001000000 0000000100110 1111111101101 0000000110110 0000001101110 0000001111100 0000001100010 0000001001110 0000000101001 0000000100000 0000001000111 0000010000100 0000000101000
0000001100110 0000001110011 0000000111001 0000001001010 0000000110101 1111111111010 0000000101110 0000001111110 0000010000001 0000001001101 0000001000001 1111111111001 0000000101110 1111111110000 0000001110111 1111111011101
0000001010111 0000000111110 1111111111010 0000000110101 0000000000111 1111111100011 0000000100110 1111111000000 0000000111010 1111111100110 0000000100111 1111111101011 1111110010001 1111110101000 0000001011010 1111111000110
0000000000011 1111111001011 0000001010110 1111111000111 1111110101000 1111111101110 0000001001100 1111110100001 1111101100100 1111110000100 1111111001111 1111110001001 1111111111001 1111101011000 0000000111110 0000000110010
1111110000000 1111110001000 1111110000000 1111100111111 1111101110011 1111110001100 0000000010000 0000000111001 0000001101111 1111101111111 1111110000100 1111110000000 1111101101011 1111101001011 1111101011011 1111110100111
1111101000100 1111110000111 1111110000000 1111101110101 1111101110110 0000000101100 1111110010111 1111110111001 1111110000000 0000001111100 1111111100111 0000010110100 1111101111101 1111110001000 1111110000000 1111110111101
1111110110011 0000000001001 0000010000000 1111111010001 1111110100110 1111111000101 1111101111010 0000000010111 0000010100001 1111110110111 0000000011011 1111101101001 1111111111100 1111111110001 0000010001100 0000001010000
1111111110001 0000000101000 0000010000000 1111111110000 1111110111101 1111111011001 1111110111101 0000001110111 0000010000111 1111111011011 0000000111001 0000010000110 1111111110110 1111110010011 0000010001010 0000001001110
0000000001010 0000000011010 0000010000000 1111111001010 1111110010010 1111110111001 1111101010101 0000010001000 0000010011100 1111110111011 0000000100011 0000010011111 1111111001101 1111110001001 0000010000000 0000001010011
0000001001100 0000000101001 0000010000000 1111111110101 1111111000000 1111111000111 1111110111010 0000100001101 0000010000000 0000000001100 0000001001000 0000010001110 1111111101101 1111111110101 0000001101100 0000010011111
0000000111101 0000000110100 0000010000000 0000000000100 1111111001011 1111111010110 1111111000000 0000100001010 0000010000000 0000001001010 0000001101111 0000010001111 0000000001101 1111110110010 0000001110010 0000010100111
0000000001100 0000000011011 0000010110001 1111111110101 1111111001011 1111111001011 1111110101101 0000010111011 0000010000000 0000001000100 0000010001110 0000010010010 1111111111001 1111110111001 0000001111100 0000010010111
0000001000101 0000000111111 0000010000000 0000001001100 0000000001110 1111111101010 1111110111101 0000011001001 0000010010001 0000010010011 0000010010001 0000010000011 0000000011001 0000000010100 0000010011011 0000011010010
0000001011000 0000001001110 0000010000011 0000001010011 0000000001100 1111111111101 1111111110010 0000011001101 0000010000011 0000010001110 0000010001101 0000001111110 0000000110011 0000001001000 0000010001000 0000010100100
0000001010001 0000000111101 0000010001101 0000000111110 1111111111011 1111111111000 0000000100001 0000010001010 0000001111000 0000001101010 0000001111100 0000001111110 0000001001000 0000001101010 0000001111111 0000001111110
0000010000110 0000001100001 0000001110111 0000001100111 0000001000110 0000000110111 0000001001001 0000010001000 0000010001000 0000011001000 0000001110110 0000001111110 0000010001100 0000001111101 0000010011001 0000010110001
0000001110001 0000001101111 0000001110001 0000001011101 0000000111010 0000000101000 0000001000000 0000010110001 0000010001010 0000011001100 0000001110111 0000001111001 0000001110010 0000010001000 0000010110001 0000010011111
0000010100100 0000001101000 0000010001100 0000010010000 0000001100100 0000000111001 0000001000111 0000011010101 0000010101101 0000011000100 0000010011001 0000010010010 0000010010111 0000010001001 0000010110111 0000010110011
0000001010110 0000001101100 0000001110110 0000001111111 0000001010001 0000000110011 0000000111101 0000001100000 0000001111111 0000011010000 0000010001111 0000010000010 0000010000010 0000001110111 0000001111000 0000010001000
1111110011000 1111101100000 0000000100010 1111101001110 1111110010010 1111110010001 1111110001110 0000000101110 1111110000000 0000010000000 1111011011111 1111110111110 1111011101011 1111011011100 0000000100010 0000010011100
1111101100001 1111100100111 0000010000000 1111110011001 0000011010101 1111111010111 0000001001110 1111101111110 0000010000000 0000010000000 1111001010000 1111111111111 1111010110001 1111010101100 0000010000000 0000010001000
1111110000011 1111100100011 1111110001111 1111100111110 1111101111100 0000010110001 0000010000010 0000000000011 0000010000000 0000010000000 1111001110110 1111110000000 1111100001010 1111001000011 1111110010100 0000000110101
1111111100111 1111101101100 0000010000000 1111100110110 1111101000110 1111111111001 1111101111100 1111110111010 0000000011001 0000010000100 1111101011100 1111110010000 1111110101001 1111100101010 1111110101010 0000010001000
0000000010011 1111110111110 1111110101011 1111111000110 1111111001100 1111111011010 0000001001100 1111110011110 0000010000000 0000000010011 1111110011110 1111111100001 1111111111111 1111101100101 1111110110000 1111111100000
0000010101110 1111110100111 1111111010100 1111110110110 1111111000111 1111111111011 1111101110111 1111101011000 0000011100001 1111110001000 1111110011011 1111110101110 1111110000110 1111101110011 1111110111111 1111110000110
0000001001011 1111110101111 1111101110001 0000001101100 1111101110001 1111110111000 0000001000000 0000001010100 0000010000000 0000001001000 1111101101111 1111110010100 0000010000000 1111101000101 1111111101010 0000010000000
0000000111011 1111110011010 1111101110011 1111111011000 1111110111010 1111111001000 1111110010110 1111110001010 1111110101001 0000001110010 1111101100010 1111111001011 0000001000110 1111100001111 1111110101001 1111111110011
1111111101101 1111101111100 0000010000000 1111101101001 1111111101110 1111101101111 1111101111100 0000000000100 0000001000000 1111110110001 1111101010101 0000001100011 1111110010010 1111100110011 0000010101111 0000001010110
1111110111011 1111101101000 1111110000000 1111100001101 1111110000010 1111101011111 1111101110111 1111111100101 0000010000000 0000010100100 1111100100111 0000010000000 1111101010101 1111100101010 1111110000000 1111110110100
1111110111000 1111101100100 0000010000000 1111100001011 1111110000000 1111111011011 1111100110100 1111111101001 0000010000000 1111110000101 1111101100110 0000010000000 1111101001100 1111100010101 0000010000000 1111101101000
1111111110110 1111110111101 1111110000000 1111100111011 1111110000000 1111110111001 1111101001010 0000001010000 1111110000000 0000001110000 1111101111010 0000010000000 1111101100100 1111101000101 1111110000000 1111101101110
1111111110011 1111110100110 1111110000000 1111100101000 1111110000000 1111101100011 1111100100001 0000000011010 0000010000000 0000001110011 1111101111010 0000010000000 1111101011110 1111110001100 0000010000000 1111110110101
0000000010011 1111111000011 0000010000000 1111100010111 1111110110000 1111100110100 1111100111010 0000001010100 0000010000000 1111101111110 1111110101000 0000010000000 1111101101100 1111101110111 0000010000000 0000000000110
0000000000010 1111111100100 0000010000000 1111100101010 1111110001111 1111100000111 1111010111001 0000001010010 1111110000000 0000001111110 1111110101011 0000010000000 1111100101100 1111100111111 0000010000000 0000000010001
0000000011101 1111111101000 0000010000000 1111010111001 1111110000000 1111101000111 1111100000110 0000001010001 1111110000000 0000001011101 1111110010101 0000010000000 1111100011010 1111101000101 0000001101010 0000000100011
1111100100111 1111100111010 1111110000000 1111111100101 1111110101111 0000000011001 1111110011010 1111110011010 1111110000000 1111110010010 0000000010111 1111101110000 0000000001101 1111111110001 1111110000000 0000000001000
1111100111000 1111101111110 1111110000000 1111111011110 1111110110101 1111111110010 1111111011110 1111110111001 0000010111111 0000001000001 0000000011010 1111110010010 0000000010011 0000000011001 1111110000000 1111110100100
1111101010011 1111110100010 1111110000000 1111110110111 1111110101000 0000000100000 0000000011101 1111111001000 0000010110001 0000000100010 1111110100111 0000001010110 0000000000111 0000000101011 0000011010000 1111111111000
1111110001000 1111111001001 1111101110010 1111111011100 0000001010000 0000000110011 1111111011111 1111111011100 1111101110001 0000000111001 1111110110000 1111110010001 1111111101110 1111110110101 1111110000001 1111110110100
1111101111101 1111110111001 1111101101110 1111111000111 0000000011101 0000000011011 1111111110001 1111111010011 0000010010101 0000000101100 1111110101011 1111110001110 1111111011010 1111110111110 0000001000111 1111110010011
1111110011111 1111111000111 1111110010001 1111111111000 1111111101101 1111111101010 1111111100010 0000001000101 1111101111011 0000000010010 1111111100001 1111110110100 0000000101100 0000000010100 1111110001110 1111111100101
1111101000110 1111110001010 0000001000000 1111111101011 0000000110010 1111111110001 0000000101011 0000000010100 1111101101011 1111110010111 0000001000011 1111110001010 0000000010101 1111111100101 0000000010001 1111110010001
1111101001100 1111111100101 0000001100111 1111111101011 0000001010010 0000000100001 0000000001100 1111111001110 0000010010001 1111111110011 1111110101100 0000001110101 0000001000101 0000000100100 1111110000001 1111110110111
1111110100110 1111111001000 1111101111111 0000000010110 0000001000110 1111111100101 0000000011110 1111110000010 1111101111000 1111110110100 1111111001111 1111110111110 0000000100000 1111111101000 1111110000000 0000000001000
1111110010111 1111111011110 1111110000100 0000000010011 1111111100110 1111111010111 1111111011011 0000001011111 1111101111100 0000000011000 0000001001100 1111110101100 0000000110000 1111111111110 1111111111000 0000000101100
1111110001111 1111111101010 1111110011010 0000000000011 1111111101111 0000000001110 1111111100110 0000000000010 0000000101111 1111111000011 1111111101110 1111111000010 0000000000101 0000000000101 1111111110101 1111111101001
1111101111000 1111110001111 1111101111011 1111111011101 0000001010111 1111111001101 1111111001100 0000000101010 1111101110011 1111110001010 1111110101101 1111110001000 1111111010001 1111110101001 1111110000011 1111111110111
1111110111011 0000000100110 0000000101001 0000001000000 1111111110101 0000000000110 1111111100011 0000000001000 0000000101000 1111111010101 0000000111110 0000001010010 0000000001101 1111110110001 0000000011010 0000000111011
1111111111000 1111111101110 1111110100010 1111111110010 1111111100001 0000001000000 1111111000101 1111101101010 1111110000111 1111110100110 1111111101101 0000000101101 1111110101000 1111110101010 1111110110111 1111110011110
1111110010001 1111111000111 1111111111001 1111111010000 0000000011101 0000000101110 0000001000000 0000010110000 0000000001100 1111110001101 1111111001010 1111111110010 1111110010110 1111110100101 0000000010110 1111110001110
1111111101110 1111111110111 1111110001111 1111111110111 1111111010101 1111111001100 1111111010010 0000000011001 1111101111011 1111110100101 0000001000110 1111111000000 1111111000111 1111111101100 1111111100110 1111111000011
0000001001001 0000000111011 0000001010110 0000000110010 0000000101111 0000000010010 0000000011010 0000000010001 0000001001010 0000000110000 0000001000010 0000001000101 0000001000011 0000001011000 0000001001010 0000000101101
0000000011010 0000000011011 0000001100000 0000000101000 0000000011111 1111111111100 1111111101001 1111111110110 0000001000001 0000000100100 0000000101100 0000001010000 0000000101001 0000000110011 0000001001100 0000000001110
1111111011100 1111111111101 0000001110101 0000000011100 0000000011000 1111111111111 1111111100010 1111111000001 1111110100011 0000000110101 0000000101101 0000001010010 0000000010010 0000000011000 0000000111111 0000000010101
1111110011101 1111111100110 0000001110110 1111111110100 1111111011001 1111111000010 1111110110010 1111110001110 1111110000010 0000001011011 0000000011011 0000000100101 1111111000111 0000000001111 0000000111110 0000000101101
1111110010010 1111111010001 1111101110010 1111111110100 0000000110011 1111110101100 1111110100101 1111110110000 0000010001010 0000001011100 1111111101100 1111110001001 1111101011111 1111111001110 1111110000101 0000001000111
1111111001111 1111111100001 0000001010010 1111111101111 0000001000111 1111110111101 1111110111101 1111111010111 0000001101000 0000000111011 1111111101110 1111110001111 1111110111001 1111111101000 0000000110010 0000001000011
0000000001011 0000000001101 0000000000100 1111111110111 0000000000111 0000000010100 0000000010010 0000000000111 0000000011001 0000000100010 0000000010000 1111111110010 1111111111111 0000000101111 0000000100011 0000000000000
0000001000001 0000000100100 1111111111100 0000000000010 0000000010000 1111111110101 0000000100101 0000000011110 0000000011010 0000000110010 0000001000010 0000000000010 0000000110101 0000001000110 0000001101100 0000000010101
1111101111001 0000000101000 0000000000110 0000000010100 0000000010000 1111111111000 0000000010010 1111110011100 0000000001001 1111111110111 0000001100000 1111111111111 0000010000001 0000001010000 0000001011010 1111110111010
0000010000000 0000000110010 0000000100101 1111110011001 0000001010011 0000000101101 1111111100100 0000010000000 0000001000011 0000000111010 0000001110110 0000000010001 0000010000000 0000001000111 0000000010000 1111110000000
0000010000000 0000001001010 0000001010110 1111110001110 0000001110100 0000001000011 1111111011110 0000010101111 0000000100000 0000001011110 0000010001011 0000000111101 0000010000000 0000001000000 1111111101011 1111110000000
0000010000000 0000001110001 0000001111010 0000000011011 0000010000101 0000001001111 0000000000010 0000010001010 0000001010110 0000010100101 0000010110000 0000001001100 0000010000000 0000001100111 0000000011011 1111101100101
0000010000100 0000010001000 0000010011100 0000011100001 0000010011100 0000001101110 0000000001011 0000001101111 0000010011100 0000011010110 0000011100110 0000010011110 0000010000010 0000001111100 0000001111111 0000010000110
0000010001010 0000010010101 0000010111100 0000011000011 0000011001001 0000010000111 0000001000010 0000010000001 0000011000000 0000011100010 0000011010100 0000010111010 0000010010011 0000010000101 0000010011110 0000100000101
0000001000111 0000001101011 0000001100101 0000001010011 0000000111000 0000000001101 1111111000110 0000001000100 0000001111010 0000010001101 0000001110101 0000001111000 0000001010001 0000001011101 0000001011011 0000010000011
0000000100010 0000001000100 0000010001011 0000000101010 1111111111100 1111111001000 1111110110111 0000000100100 0000001110101 0000001101000 0000010000010 0000010001001 0000001001000 0000001010100 0000001111010 0000001110110
1111111111101 0000000011010 0000000010100 1111111010010 0000000101011 1111111011110 1111111000000 0000000000001 1111110001001 1111110011001 1111111101100 1111111110011 1111111110101 1111111001111 1111111110001 1111110000110
1111111000111 0000000110101 1111111111101 0000000101011 1111111110001 1111111000101 0000000011110 1111101010010 1111110011010 1111110100100 1111110101101 1111111101111 1111110110110 0000000101000 1111111011100 0000010000001
1111110000111 1111111100000 1111111101010 1111110011001 1111111011110 0000000100011 1111111110010 0000010000000 0000001100000 1111110000000 1111110001111 1111110001101 0000000010110 1111110111001 1111110011001 1111110000000
1111101100000 1111111001001 1111110010111 1111101110101 0000000101110 1111111001001 1111101110111 0000010000000 1111110001011 0000001011100 1111110110100 1111101011100 1111110001010 1111110100000 1111101101000 1111110000000
