00000000000 00000000001 00000000001 00000000001 00000000000 00000000001 00000000000 00000000000 00000000011 00000000010 00000000010 00000000010 00000000001 00000000001 00000000001 11111111110
00000000000 00000000011 00000000001 00000000001 00000000011 00000000101 00000000010 00000000010 00000000011 00000000011 00000000011 00000000110 00000000010 00000000011 00000000101 00000000001
00000000001 00000000010 00000000001 00000000001 00000000000 00000000001 00000000000 00000000010 00000000011 00000000010 00000000010 00000000011 00000000000 00000000001 00000000001 00000000001
00000000000 00000000000 00000000000 00000000001 11111111110 00000000001 11111111110 00000000000 00000000010 00000000000 00000000001 00000000001 00000000000 00000000000 00000000000 11111111110
00000000000 00000000001 00000000000 00000000000 00000000000 00000000000 00000000000 00000000000 00000000001 00000000001 00000000000 00000000001 00000000000 00000000000 00000000000 00000000000
11111111111 00000000000 00000000000 00000000000 00000000000 00000000000 00000000000 00000000000 00000000001 00000000001 00000000000 00000000001 00000000000 00000000000 00000000000 11111111110
00000000000 00000000000 00000000000 11111111110 00000000000 00000000001 11111111110 00000000000 00000000001 00000000000 00000000000 00000000001 00000000000 00000000001 11111111111 11111111110
00000000000 00000000000 00000000000 11111111110 00000000000 00000000001 11111111110 00000000000 00000000000 00000000000 00000000000 00000000001 00000000000 00000000001 11111111111 11111111110
11111111111 00000000000 00000000000 00000000000 00000000000 00000000001 11111111110 00000000000 11111111111 00000000000 00000000000 00000000001 00000000000 00000000001 11111111111 11111111110
11111111111 00000000000 11111111110 00000000000 00000000000 00000000000 00000000000 00000000000 00000000000 00000000000 00000000000 00000000001 00000000000 00000000000 11111111111 00000000000
00000000000 11111111111 11111111110 11111111111 00000000000 00000000000 00000000000 00000000000 00000000000 00000000000 11111111111 00000000001 11111111111 00000000000 00000000000 00000000000
11111111111 11111111111 11111111110 11111111111 00000000000 00000000000 00000000000 00000000000 00000000000 00000000000 11111111111 00000000000 11111111111 00000000000 11111111110 11111111110
00000000000 11111111111 11111111110 11111111111 11111111110 00000000000 00000000000 00000000000 00000000000 00000000000 11111111111 00000000000 11111111111 00000000000 00000000000 11111111110
00000000000 11111111111 11111111110 11111111110 00000000000 11111111111 00000000000 00000000000 11111111110 00000000000 11111111111 11111111110 11111111110 11111111110 11111111110 11111111110
00000000000 11111111111 11111111110 11111111110 00000000000 00000000000 00000000000 00000000000 11111111110 00000000000 11111111111 11111111110 11111111110 11111111110 11111111110 11111111110
00000000000 00000000001 00000000000 00000000000 00000000000 00000000000 11111111110 00000000000 00000000001 00000000001 00000000001 00000000001 11111111111 00000000000 00000000000 11111111110
00000000000 11111111111 11111111110 11111111110 11111111111 00000000000 00000000000 00000000000 11111111110 00000000000 11111111110 00000000000 00000000000 00000000000 11111111110 11111111110
00000000000 00000000000 11111111111 11111111111 00000000000 00000000000 11111111110 00000000000 11111111111 00000000000 00000000000 11111111111 11111111110 00000000000 00000000000 11111111110
00000000001 11111111110 11111111111 11111111111 11111111111 00000000000 11111111110 00000000000 00000000000 11111111111 00000000000 00000000001 00000000000 00000000000 00000000000 11111111111
00000000001 00000000001 00000000000 00000000000 11111111111 00000000000 11111111110 00000000000 00000000001 00000000000 00000000001 00000000001 00000000000 00000000000 00000000000 11111111110
11111111111 00000000000 11111111110 11111111111 11111111110 00000000000 00000000000 00000000000 00000000000 00000000000 11111111111 00000000000 00000000000 00000000000 11111111110 11111111110
11111111111 11111111110 11111111110 11111111111 00000000000 00000000000 00000000000 00000000000 00000000001 00000000000 11111111111 00000000001 00000000000 00000000000 11111111110 11111111110
00000000000 11111111110 11111111110 11111111111 11111111110 00000000000 00000000000 00000000000 00000000010 00000000000 11111111111 00000000001 00000000000 00000000000 11111111110 00000000000
11111111111 11111111111 11111111110 00000000000 11111111110 00000000000 00000000000 00000000001 00000000001 00000000000 11111111111 00000000001 11111111111 00000000000 11111111110 00000000001
11111111111 11111111110 11111111110 00000000001 11111111110 00000000000 00000000000 00000000001 00000000010 00000000000 11111111111 00000000010 11111111111 11111111110 11111111110 00000000001
11111111111 00000000000 11111111110 11111111111 11111111110 00000000000 00000000000 00000000000 00000000000 00000000000 11111111111 00000000000 11111111111 11111111111 11111111110 00000000000
00000000000 11111111111 00000000000 00000000000 00000000000 00000000000 00000000000 00000000000 00000000000 00000000000 11111111111 00000000001 11111111111 00000000000 11111111110 00000000000
00000000000 11111111111 11111111110 11111111110 00000000000 00000000000 00000000000 00000000000 11111111110 00000000000 11111111111 00000000000 11111111110 11111111110 11111111110 11111111110
00000000000 11111111111 11111111110 11111111110 00000000000 00000000000 00000000000 00000000000 11111111110 00000000000 11111111111 00000000000 11111111110 11111111110 11111111110 11111111110
11111111111 00000000000 11111111111 11111111110 11111111110 00000000000 11111111110 00000000000 00000000000 00000000001 00000000001 11111111111 11111111111 00000000000 00000000000 11111111110
00000000000 00000000000 11111111111 11111111110 00000000000 00000000000 11111111110 00000000000 00000000000 00000000000 00000000001 11111111111 00000000000 00000000000 00000000000 11111111110
00000000000 11111111111 11111111111 11111111110 00000000000 00000000000 11111111110 00000000000 11111111111 00000000000 00000000000 11111111111 00000000000 11111111110 11111111111 11111111110
00000000010 11111111110 11111111110 11111111110 11111111111 00000000000 11111111110 00000000000 11111111110 11111111111 11111111110 00000000000 00000000000 11111111110 11111111110 11111111110
00000000010 11111111110 11111111110 11111111111 11111111111 00000000000 11111111110 11111111110 11111111110 11111111111 11111111110 00000000000 00000000000 11111111110 11111111110 11111111111
00000000000 11111111110 11111111110 11111111111 00000000000 00000000000 00000000000 11111111110 00000000000 00000000000 11111111110 00000000000 11111111110 11111111110 11111111110 11111111111
11111111111 11111111110 00000000000 11111111111 11111111110 00000000000 00000000000 11111111111 00000000000 00000000000 11111111111 00000000010 11111111111 11111111110 11111111110 11111111111
11111111111 11111111111 11111111110 00000000000 11111111110 00000000000 00000000000 00000000000 00000000010 00000000000 11111111111 00000000010 11111111111 11111111110 11111111110 11111111111
11111111111 11111111111 11111111110 11111111111 11111111110 00000000000 00000000000 11111111110 00000000010 00000000000 11111111111 00000000010 11111111110 11111111110 11111111110 11111111111
11111111111 11111111111 11111111110 00000000000 11111111110 00000000000 00000000000 11111111110 00000000010 00000000000 11111111111 00000000010 11111111111 11111111110 11111111110 00000000000
11111111111 11111111111 00000000000 00000000000 11111111110 00000000000 00000000000 11111111110 00000000010 00000000000 11111111111 00000000010 11111111111 11111111110 11111111110 00000000000
11111111111 11111111111 00000000000 00000000000 11111111110 00000000000 11111111111 00000000000 00000000010 00000000000 11111111111 00000000010 11111111111 11111111110 11111111110 00000000000
11111111111 00000000000 11111111110 00000000000 11111111110 00000000000 00000000000 00000000001 00000000010 00000000000 00000000000 00000000001 11111111111 11111111111 11111111110 00000000000
11111111111 00000000000 11111111110 11111111111 11111111110 00000000000 00000000000 00000000001 00000000010 00000000000 00000000000 00000000001 11111111111 11111111111 11111111110 00000000000
11111111111 11111111111 11111111110 11111111111 11111111110 00000000000 00000000000 00000000000 00000000010 00000000000 00000000000 00000000001 11111111111 11111111110 11111111110 11111111110
00000000000 00000000000 00000000000 00000000000 11111111110 00000000000 11111111110 00000000000 00000000001 00000000000 00000000000 00000000001 00000000000 00000000000 00000000000 00000000000
00000000000 00000000000 00000000000 11111111111 11111111110 00000000000 11111111110 00000000000 00000000001 00000000000 00000000000 00000000001 00000000000 00000000000 00000000000 11111111110
00000000000 00000000000 00000000000 11111111110 11111111110 00000000000 11111111110 00000000000 00000000001 00000000000 00000000000 00000000000 00000000000 00000000000 00000000000 11111111110
11111111111 00000000001 00000000000 00000000001 00000000000 00000000000 00000000000 00000000000 00000000001 00000000001 00000000000 00000000001 00000000000 00000000000 00000000000 00000000000
00000000000 11111111101 00000000010 11111111101 00000000000 00000000000 00000000000 11111111110 11111111110 00000000000 11111111110 00000000010 11111111110 00000000000 00000000000 11111111110
00000000000 11111111110 00000000010 11111111110 00000000000 00000000000 11111111110 11111111110 11111111110 00000000000 11111111110 00000000000 11111111110 11111111110 00000000000 00000000000
00000000000 11111111101 00000000000 11111111101 00000000000 00000000000 11111111110 00000000000 11111111110 00000000000 11111111110 00000000000 11111111110 00000000000 00000000000 00000000000
00000000000 11111111110 11111111110 11111111101 00000000000 00000000000 11111111110 00000000000 11111111110 00000000000 11111111110 00000000010 11111111110 00000000000 11111111110 11111111110
00000000000 11111111110 11111111110 11111111110 00000000000 00000000000 11111111110 00000000000 11111111110 00000000000 11111111110 11111111110 11111111110 00000000000 11111111110 11111111110
00000000000 11111111110 11111111110 11111111110 11111111111 00000000000 11111111110 00000000000 11111111110 11111111111 11111111111 11111111110 00000000000 11111111110 11111111110 11111111110
00000000010 11111111110 11111111110 11111111110 11111111110 00000000000 11111111110 00000000000 11111111110 00000000000 11111111110 11111111110 00000000000 00000000000 11111111110 11111111110
00000000010 11111111110 11111111110 11111111110 11111111110 00000000000 11111111110 00000000000 11111111110 00000000000 11111111110 00000000000 00000000000 00000000000 11111111110 11111111110
00000000000 11111111110 11111111110 11111111101 00000000000 00000000000 00000000000 00000000000 11111111110 00000000000 11111111101 00000000010 00000000000 00000000000 11111111110 11111111110
00000000000 11111111110 00000000000 11111111111 00000000000 00000000000 00000000000 11111111110 00000000000 00000000000 11111111110 00000000010 11111111110 00000000000 00000000000 11111111111
11111111110 11111111110 00000000010 11111111111 11111111110 00000000000 11111111110 11111111111 00000000010 00000000000 11111111110 00000000010 11111111101 00000000000 00000000000 00000000000
11111111111 11111111110 00000000000 11111111111 11111111110 00000000000 11111111110 11111111111 00000000010 00000000000 11111111110 00000000010 11111111110 00000000000 00000000000 11111111111
11111111111 11111111110 00000000010 11111111111 11111111110 00000000000 11111111110 11111111111 00000000010 00000000000 11111111110 00000000010 11111111101 00000000000 00000000010 00000000000
11111111111 00000000000 00000000000 11111111111 11111111110 00000000000 11111111110 11111111111 00000000010 00000000000 11111111110 00000000010 11111111110 00000000000 00000000000 00000000001
11111111111 11111111110 00000000000 11111111111 11111111110 00000000000 00000000000 11111111111 00000000010 00000000000 11111111110 00000000010 11111111101 00000000000 00000000000 00000000001
11111111110 11111111110 00000000000 11111111111 00000000000 00000000000 00000000000 11111111111 00000000000 00000000000 11111111110 00000000010 11111111110 00000000000 00000000000 00000000001
11111111101 11111111110 11111111110 11111111111 11111111110 00000000000 00000000000 11111111110 00000000000 11111111111 11111111111 00000000010 11111111111 11111111111 11111111110 11111111110
00000000000 11111111110 11111111110 11111111110 00000000000 00000000000 00000000000 11111111110 00000000000 11111111111 11111111110 00000000010 11111111110 11111111110 11111111110 11111111110
00000000000 11111111110 11111111110 11111111110 00000000000 00000000000 00000000000 11111111110 00000000000 11111111111 11111111110 00000000010 11111111110 11111111110 11111111110 11111111110
00000000000 11111111110 11111111110 11111111110 00000000000 00000000000 00000000000 11111111110 11111111110 00000000000 11111111110 00000000010 11111111110 11111111110 11111111110 11111111111
00000000000 11111111110 11111111110 11111111110 00000000000 00000000000 00000000000 00000000000 11111111110 00000000000 11111111111 00000000000 11111111110 11111111110 11111111110 11111111110
00000000000 11111111110 11111111110 11111111111 00000000000 00000000000 11111111110 00000000000 11111111111 00000000000 11111111111 00000000000 11111111110 11111111111 11111111110 11111111110
00000000000 11111111110 11111111110 11111111110 00000000000 00000000000 11111111110 11111111110 11111111110 11111111111 11111111110 00000000010 00000000000 11111111110 11111111110 11111111110
00000000000 11111111110 11111111110 11111111111 00000000000 00000000000 00000000000 11111111110 11111111110 11111111111 11111111110 00000000010 11111111110 11111111110 11111111110 11111111110
00000000000 11111111110 11111111110 11111111111 00000000000 00000000000 00000000000 11111111110 11111111110 11111111111 11111111111 00000000010 11111111110 11111111110 11111111110 11111111110
00000000000 11111111110 11111111110 11111111111 00000000000 00000000000 00000000000 11111111110 11111111110 00000000000 11111111111 00000000010 11111111110 11111111110 11111111110 11111111110
00000000000 11111111111 11111111110 11111111111 00000000000 00000000000 00000000000 00000000000 11111111111 00000000000 11111111111 00000000000 11111111110 11111111111 11111111110 11111111110
00000000000 11111111110 11111111110 11111111110 00000000000 00000000000 00000000000 00000000000 11111111110 00000000000 11111111110 00000000010 11111111110 11111111110 11111111110 11111111110
00000000000 11111111111 11111111110 11111111111 00000000000 00000000000 00000000000 00000000000 11111111110 00000000000 11111111111 00000000000 11111111110 11111111110 11111111110 11111111110
00000000000 11111111111 11111111110 11111111111 00000000000 00000000000 00000000000 00000000000 11111111110 00000000000 11111111110 00000000000 00000000000 11111111110 11111111110 11111111110
00000000000 11111111110 11111111110 11111111110 00000000000 00000000000 00000000000 00000000000 11111111110 00000000000 11111111110 11111111110 00000000000 11111111110 11111111110 11111111110
00000000000 11111111110 11111111110 11111111111 00000000000 00000000000 00000000000 00000000000 11111111110 11111111111 11111111110 00000000000 11111111110 11111111110 11111111110 11111111110
11111111111 11111111111 11111111110 11111111110 00000000000 00000000000 00000000000 00000000000 00000000000 00000000000 11111111111 11111111111 11111111111 00000000000 11111111110 11111111110
11111111111 11111111111 00000000000 11111111111 00000000000 00000000000 00000000000 00000000000 00000000000 00000000000 11111111111 00000000000 11111111111 00000000000 00000000000 11111111110
00000000000 11111111111 11111111110 00000000000 11111111110 00000000000 00000000000 11111111111 00000000000 00000000000 11111111111 00000000010 11111111111 11111111111 11111111110 11111111111
11111111111 11111111110 11111111110 11111111111 11111111110 11111111110 00000000000 00000000000 11111111110 00000000000 11111111111 00000000000 11111111110 11111111111 11111111110 11111111110
00000000000 11111111111 11111111110 11111111110 00000000000 00000000000 00000000000 00000000000 00000000000 00000000000 11111111111 00000000000 11111111110 11111111110 11111111110 11111111110
00000000000 11111111111 11111111110 11111111110 00000000000 11111111110 00000000000 00000000000 11111111110 00000000000 11111111111 00000000000 11111111110 11111111111 11111111110 11111111110
00000000000 11111111111 11111111111 00000000000 00000000000 00000000000 00000000000 00000000000 11111111111 00000000000 11111111111 11111111110 11111111110 00000000000 11111111111 11111111110
00000000000 11111111111 11111111111 11111111110 00000000000 00000000000 11111111110 00000000000 11111111111 00000000000 11111111111 11111111111 00000000000 00000000000 11111111111 11111111110
00000000010 11111111111 11111111111 11111111110 00000000000 00000000000 11111111110 00000000000 11111111110 00000000000 00000000000 11111111110 00000000000 00000000000 11111111111 11111111110
00000000010 11111111111 11111111111 11111111110 00000000000 00000000000 11111111110 00000000000 11111111111 00000000000 00000000010 11111111111 00000000010 00000000000 11111111111 11111111110
00000000010 00000000000 11111111111 11111111110 00000000001 00000000000 11111111110 00000000000 11111111111 00000000001 00000000010 11111111111 00000000010 00000000000 00000000000 11111111110
00000000010 00000000001 00000000000 11111111110 00000000001 00000000000 11111111110 00000000000 11111111111 00000000001 00000000010 11111111111 00000000010 00000000000 00000000000 11111111110
00000000000 00000000001 00000000000 11111111110 00000000001 00000000000 11111111110 00000000000 00000000000 00000000001 00000000010 00000000000 00000000000 00000000001 00000000000 11111111110
00000000001 00000000001 00000000000 00000000000 00000000001 00000000000 11111111110 00000000000 00000000000 00000000010 00000000010 00000000000 00000000000 00000000001 00000000000 11111111110
11111111111 00000000001 11111111110 00000000001 11111111110 00000000000 00000000000 00000000000 00000000001 00000000001 00000000000 00000000010 11111111111 00000000000 11111111110 00000000001
11111111111 11111111111 11111111110 00000000001 11111111110 00000000000 00000000000 00000000000 00000000001 00000000001 00000000000 00000000010 11111111111 00000000000 11111111110 00000000001
00000000000 11111111111 11111111110 11111111110 00000000000 00000000000 00000000000 00000000000 11111111110 00000000000 11111111110 11111111110 11111111110 11111111110 11111111110 11111111110
00000000000 11111111110 11111111110 11111111110 00000000000 00000000000 00000000000 00000000000 11111111110 11111111111 11111111110 11111111110 11111111110 11111111110 11111111110 11111111110
00000000000 11111111110 11111111110 11111111110 00000000000 00000000000 11111111110 00000000000 11111111110 11111111111 11111111110 11111111110 00000000000 11111111110 11111111110 11111111110
00000000000 11111111110 11111111110 11111111110 11111111111 00000000000 11111111110 00000000000 11111111110 11111111111 11111111110 11111111110 00000000000 11111111110 11111111110 11111111110
