000000000100011100 000000000100011001 000000000111011011 000000001001000110 000000000110100101 000000000110100100 000000000100101011 000000000011111010 000000000111011001 000000001000100100 000000000111100111 000000000110110011 000000001000011110 000000000100001010 000000000111000000 000000001000101011
000000000101100010 000000000100010111 000000001001111100 000000001010101100 000000001000101010 000000001001011010 000000000111101001 000000000101110011 000000001010001011 000000001011001110 000000001001100011 000000001001111000 000000001010011010 000000000100001111 000000001001100100 000000001010110110
000000000111010100 000000000100010110 000000000111101100 000000000111111110 000000000101110111 000000000101011100 000000000011101010 000000000100110000 000000001000000001 000000000111101100 000000000111000100 000000000110111101 000000000101111110 000000000011110101 000000000111110011 000000001000010100
000000000101001101 000000000100000000 000000000110000110 000000000111001110 000000000101011011 000000000100011100 000000000011010101 000000000011011101 000000000101111010 000000000110000100 000000000110000001 000000000110010110 000000000100110110 000000000011101110 000000000101100111 000000000110010000
000000000011011111 000000000011010111 000000000100110101 000000000110000110 000000000101000010 000000000011111010 000000000011011000 000000000010111011 000000000100000101 000000000100010010 000000000100010110 000000000101010110 000000000011110011 000000000011001100 000000000100001010 000000000100100101
000000000010100100 000000000011011110 000000000100010111 000000000101011000 000000000100011101 000000000010110100 000000000010011001 000000000001111011 000000000011100010 000000000011111101 000000000100010010 000000000101000101 000000000011100011 000000000011011011 000000000011110111 000000000100011011
000000000011001001 000000000011110110 000000000101001101 000000000110011101 000000000101010110 000000000100001110 000000000011001110 000000000010001101 000000000011111010 000000000100110010 000000000101000101 000000000110001100 000000000101000110 000000000011111011 000000000010011111 000000000100000000
000000000011001001 000000000011101010 000000000100111101 000000000110100000 000000000101011101 000000000100110010 000000000100000110 000000000010111000 000000000011010110 000000000100000100 000000000100110001 000000000110011010 000000000101001110 000000000100000111 000000000010010110 000000000011011100
000000000010111111 000000000011100000 000000000100100010 000000000101101111 000000000100111101 000000000100010111 000000000011111110 000000000010110111 000000000010100010 000000000011000101 000000000100001100 000000000101110110 000000000100100111 000000000100001100 000000000001110011 000000000010100100
000000000010001110 000000000010110100 000000000011100110 000000000100001111 000000000011101001 000000000010011010 000000000001100111 000000000001000110 000000000010010001 000000000001110011 000000000010000111 000000000100010001 000000000010111111 000000000011001001 000000000010101010 000000000010111100
000000000000111010 000000000001110010 000000000011011011 000000000010001000 000000000001000011 000000000000001011 111111111111111010 111111111111010101 000000000010110001 000000000001011111 000000000001000111 000000000011100010 000000000001010111 000000000001110111 000000000011011010 000000000011011011
000000000010010111 000000000010000100 000000000011010011 000000000010000111 000000000001110100 000000000000000000 111111111111101010 000000000000011100 000000000010110111 000000000001101000 000000000001000010 000000000011011000 000000000000100000 000000000001110001 000000000100000001 000000000011110001
000000000010011110 000000000010010100 000000000011000110 000000000010010010 000000000000111001 111111111111100100 111111111111011110 000000000000111000 000000000010100000 000000000001000101 000000000001001110 000000000011001010 111111111111111011 000000000001101101 000000000011110100 000000000011000001
000000000010100101 000000000001000010 000000000010000001 000000000001100010 111111111111010001 111111111110100110 111111111111010100 000000000001100010 000000000000110010 000000000000111010 000000000000110111 000000000010001000 000000000000100011 000000000000100000 000000000001111110 111111111111110100
000000000010110100 000000000010001011 000000000010001011 000000000001110010 111111111111100110 111111111110011110 111111111110010001 000000000000010111 000000000001000010 000000000000111101 000000000001101001 000000000011011011 000000000000110110 000000000010010010 000000000010010011 000000000010001101
000000000011010010 000000000011010110 000000000011011100 000000000011111010 000000000010110111 000000000000101110 111111111111101111 000000000001110011 000000000011001100 000000000010111000 000000000011101111 000000000100001111 000000000010101111 000000000011011010 000000000100010011 000000000011101111
000000000001000100 000000000000110110 000000000000101100 111111111111000111 111111111101101010 111111111101011010 000000000000100001 000000000010001110 000000000010011010 000000000001100000 111111111101011111 111111111111110101 111111111101011010 111111111111000000 000000000001101101 000000000001010101
000000000010100111 000000000010011100 000000000001000110 000000000000110100 000000000000010101 111111111111101000 000000000000000100 000000000011100000 000000000010100010 000000000000001011 000000000000101100 000000000001001011 111111111111100111 000000000010011000 000000000010101110 000000000001111101
000000000100001110 000000000011001101 000000000010000110 000000000001011001 000000000000100111 111111111111111001 111111111111110101 000000000011010101 000000000010111011 000000000000100010 000000000000011100 000000000010011000 000000000000001011 000000000011100011 000000000011000010 000000000010101110
000000000110110010 000000000100001100 000000000011101100 000000000011100001 000000000011001100 000000000010101110 000000000001101010 000000000101000111 000000000100111101 000000000100000110 000000000011000001 000000000011110010 000000000100011111 000000000011111111 000000000101010100 000000000101111011
000000000010110101 000000000011011011 000000000011001110 000000000001000111 000000000001011101 000000000010000010 000000000010010101 000000000001110100 000000000010111000 000000000001010011 111111111111100110 000000000011001011 000000000100001010 000000000100001001 000000000011011000 000000000010110001
000000000000101111 000000000010100100 000000000011011000 000000000000010001 000000000000110011 000000000001111000 000000000010100111 000000000001100101 000000000010011000 000000000000011010 000000000000010100 000000000011011101 000000000011101010 000000000100001011 000000000011100001 000000000010011100
000000000100100100 000000000011100010 000000000011010110 000000000010000101 000000000010011000 000000000001110111 000000000010011111 000000000100100110 000000000011101100 000000000010000101 000000000001010110 000000000011011100 000000000010111101 000000000011111011 000000000100110111 000000000100011100
000000000001000000 000000000010011001 000000000011101001 000000000000111001 111111111110110001 111111111111110001 000000000000101001 000000000010101011 000000000011000011 000000000001010011 000000000000100101 000000000011011010 000000000000110111 000000000010001111 000000000100000100 000000000011000111
000000000001001000 000000000010100000 000000000011100111 000000000001010000 111111111110110100 111111111111011100 111111111110111110 000000000100100010 000000000011100100 000000000001011101 000000000000111100 000000000011100011 000000000001010100 000000000010110001 000000000100011001 000000000100110110
000000000001010100 000000000010100101 000000000011000010 000000000010110010 000000000001100101 000000000001000000 000000000000001101 000000000010110100 000000000011010011 000000000010001001 000000000000100000 000000000011010000 000000000001111110 000000000010011110 000000000011101100 000000000011010100
111111111111100001 000000000001000010 000000000010110010 000000000001010011 111111111111110111 000000000000001111 000000000000101010 000000000000001100 000000000010000110 000000000001010001 000000000000000111 000000000010110000 000000000000101000 000000000001101110 000000000010010001 000000000001011010
000000000001011011 000000000001010111 000000000010001110 000000000000010101 111111111110111111 111111111111011001 000000000000100001 000000000010000001 000000000010010110 000000000001010100 000000000000011011 000000000010010001 000000000000000101 000000000001000101 000000000010011011 000000000010000101
000000000001101001 000000000001010000 000000000001001011 000000000000000000 111111111101110110 111111111101110110 000000000000010001 000000000001111000 000000000010100000 000000000001100011 000000000000000010 000000000010011100 111111111110111101 111111111111111111 000000000001110000 000000000001100111
000000000011001100 000000000010101100 000000000001100000 000000000001111010 000000000001101010 000000000000000101 000000000010000110 000000000100001001 000000000010011011 000000000010011110 000000000010111001 000000000001101100 000000000001011011 000000000010010110 000000000011101111 000000000000010111
000000000011100001 000000000011010101 000000000001100111 000000000010011001 000000000001111110 000000000000001101 000000000001110101 000000000100001011 000000000010000100 000000000010101000 000000000010100011 111111111111110111 000000000001101110 000000000000001101 000000000011011111 111111111110101001
000000000010111011 000000000001110111 111111111111100110 000000000001111000 000000000001100000 111111111111010001 000000000001100100 000000000011100111 000000000000101011 000000000010010001 000000000001110000 111111111111001110 000000000001111000 111111111111011010 000000000010011010 111111111110000111
000000000001001100 111111111110110010 111111111111001101 111111111111000010 111111111101000101 111111111100011110 111111111110010010 000000000001101111 000000000000011001 000000000010000011 111111111110011110 000000000000101011 111111111111100000 111111111100010001 111111111110111101 111111111110001000
111111111101110100 111111111100110010 000000000001100011 111111111100100001 111111111011101010 111111111011101111 111111111110011010 111111111110100111 000000000011011011 000000000010010110 111111111100001001 000000000010011110 111111111101001001 111111111100001100 000000000000101010 111111111110101111
111111111100110011 111111111100100000 000000000010101010 111111111100001111 111111111011101110 111111111100001001 111111111101110010 111111111101011110 000000000011110010 000000000010001110 111111111100111111 000000000011010100 111111111101101111 111111111110000101 000000000010000010 111111111111001111
111111111101111010 111111111110101001 000000000011101101 111111111110110001 111111111101000101 111111111110010100 111111111101111100 111111111111101100 000000000011100011 000000000001001010 111111111111010110 000000000011100010 111111111111111011 000000000000010100 000000000011010110 000000000001010011
111111111111100110 111111111111111001 000000000011101111 111111111111101001 111111111101100000 111111111111000000 111111111110010011 000000000001111010 000000000011100101 000000000001110010 000000000000001110 000000000011010110 111111111111101000 111111111110110101 000000000011111001 000000000010100000
000000000000010001 111111111111110001 000000000011110010 111111111110011110 111111111100100111 111111111101110101 111111111101101100 000000000010000011 000000000011110001 000000000001101100 111111111111011011 000000000011001100 111111111110010111 111111111110101101 000000000011111101 000000000010101010
000000000010010011 000000000000111001 000000000011110010 111111111111101010 111111111101011100 111111111110100001 111111111110001001 000000000100101000 000000000011111011 000000000001110011 000000000000011111 000000000011010011 111111111111010111 000000000000011000 000000000100001010 000000000100111010
000000000001111001 000000000000111100 000000000011110010 000000000000001000 111111111101110001 111111111111001001 111111111110010101 000000000100011001 000000000011111111 000000000010100011 000000000001010100 000000000011100010 000000000000011000 000000000000000100 000000000100000111 000000000101001000
000000000000011001 000000000000011000 000000000011101110 111111111111110001 111111111101110010 111111111110110010 111111111101111001 000000000010110100 000000000011110110 000000000010011110 000000000001110010 000000000011101000 111111111111101111 111111111110101011 000000000100000101 000000000100101011
000000000010000100 000000000010000001 000000000011110010 000000000010011000 111111111111101001 111111111111101111 111111111110001100 000000000101100101 000000000100100010 000000000011011111 000000000010100110 000000000011110011 000000000000101011 000000000000110101 000000000101000000 000000000110011100
000000000010101010 000000000010110010 000000000011110010 000000000010101001 111111111111100010 000000000000011100 111111111111101111 000000000011110010 000000000100000111 000000000011000100 000000000010011000 000000000011110100 000000000001011110 000000000001110111 000000000100011000 000000000101000000
000000000010011001 000000000010010011 000000000011101110 000000000001111111 111111111111000010 000000000000010101 000000000001001000 000000000010100101 000000000011110000 000000000010000000 000000000001110001 000000000011110101 000000000010000001 000000000010111101 000000000011111110 000000000011111001
000000000011010000 000000000011001011 000000000011101111 000000000011001100 000000000010001010 000000000001101010 000000000010001101 000000000011100101 000000000100001011 000000000011011000 000000000011000011 000000000011111100 000000000011000000 000000000011100110 000000000100100010 000000000100001101
000000000011001001 000000000011100010 000000000011011100 000000000010111100 000000000001110010 000000000001010111 000000000001100001 000000000100010110 000000000100001100 000000000011011000 000000000011000010 000000000011110001 000000000010110110 000000000011100110 000000000101001011 000000000100110011
000000000100011101 000000000011110100 000000000100001100 000000000100011111 000000000011000010 000000000001110110 000000000001011010 000000000101010000 000000000100111101 000000000101011010 000000000100101000 000000000100100101 000000000011111100 000000000011101110 000000000100111110 000000000101011010
000000000010101000 000000000011010111 000000000011101100 000000000011111110 000000000010101000 000000000001101000 000000000001110111 000000000010000010 000000000011110111 000000000011101100 000000000011000100 000000000100000101 000000000011110010 000000000011100010 000000000011110011 000000000100001011
111111111101000010 111111111011001101 000000000011010010 111111111101010111 111111111011010100 111111111011001111 111111111101100001 111111111111100101 000000000100000000 000000000011010000 111111111000010111 000000000001101000 111111111000110111 111111110111110010 000000000010100111 111111111111011110
111111111011100100 111111111001100100 111111111110111000 111111111100111101 111111111010111101 111111111011010011 000000000001000000 111111111101111100 000000000100000000 000000000011100001 111111110110101101 000000000001100100 111111110110111011 111111110110010001 111111111110000100 000000000000110011
111111111100011010 111111111001101000 111111111101100010 111111111011011001 111111111010101000 111111111010110110 000000000001110001 111111111101100010 000000000100000000 000000000011010101 111111111000000010 000000000010011100 111111111000110010 111111110111100100 111111111101000010 111111111111111001
111111111111111111 111111111100110111 111111111101101000 111111111100111111 111111111010001111 111111111011001001 000000000001100110 000000000000101000 000000000001110110 000000000010000011 111111111011011011 000000000001010110 111111111101000110 111111111011011001 111111111101010110 111111111110001110
000000000001100100 111111111110010010 111111111100110011 111111111110000010 111111111011010010 111111111100111000 000000000001111110 000000000010010000 111111111101001100 000000000001001101 111111111110001011 111111111111001011 111111111111010011 111111111100111111 111111111101001001 111111111100111000
000000000010010110 111111111110000000 111111111100010011 111111111100011111 111111111011110000 111111111100111000 000000000010010100 000000000011001011 111111111100010100 000000000001011001 111111111110001010 111111111110000001 000000000000110110 111111111101000110 111111111101001110 111111111100000101
000000000010100010 111111111110010000 111111111011101000 111111111101101110 111111111011001100 111111111011011101 000000000010010110 000000000011000000 111111111100000011 000000000001110111 111111111101010000 111111111100101100 000000000001001011 111111111100100000 111111111110011100 111111111100100010
000000000010010010 111111111101110111 111111111011110010 111111111110010001 111111111010110011 111111111011000100 000000000001110111 000000000010101001 111111111100100110 000000000010001101 111111111100111101 111111111110111000 000000000000110001 111111111011001101 111111111101010010 111111111100110110
000000000000001000 111111111100101101 111111111110101000 111111111011111000 111111111010110010 111111111011010011 000000000001000111 000000000000011011 000000000010111101 000000000010010101 111111111010111111 000000000001110010 111111111100110110 111111111011110011 111111111110000001 111111111101011010
111111111101110011 111111111100001110 000000000011100100 111111111001010011 111111111011011100 111111111011000100 111111111101001110 111111111110101010 000000000011111101 000000000010100011 111111111011000100 000000000011011010 111111111010110001 111111111011110111 000000000011011000 111111111110101100
111111111101101101 111111111101000100 000000000100000000 111111111000110010 111111111011110010 111111111010110000 111111111010011110 111111111111000010 000000000100000000 000000000010101111 111111111011010000 000000000011101110 111111111010011010 111111111011000010 000000000100000000 111111111110001101
111111111111101010 111111111110110010 000000000100000000 111111111010001010 111111111011110110 111111111010110011 111111111010111000 000000000000011001 000000000100000000 000000000010010101 111111111011111000 000000000011100111 111111111011000111 111111111100101100 000000000100000000 111111111110100011
111111111111100111 111111111110111111 000000000100000000 111111111001100001 111111111011110010 111111111001110010 111111111001101001 000000000000011101 000000000100000000 000000000010011000 111111111011111000 000000000011110101 111111111010111011 111111111101100010 000000000100000000 111111111110001001
000000000000100101 111111111111100010 000000000100000000 111111111000111000 111111111011101111 111111111001011110 111111111010011011 000000000010010110 000000000100000000 000000000010010011 111111111101001010 000000000011111000 111111111011011001 111111111110011001 000000000100000000 000000000000011101
111111111111111001 111111111111100110 000000000100000000 111111111010000001 111111111011011001 111111111000111001 111111111010100101 000000000010001010 000000000100000000 000000000010110100 111111111101010000 000000000011101011 111111111001100001 111111111100001100 000000000100000000 000000000001011000
000000000000101010 000000000000000110 000000000011100110 111111111010110010 111111111011011000 111111111001010111 111111111011011101 000000000001111101 000000000011111110 000000000010011110 111111111100100110 000000000011011011 111111111001000111 111111111100100011 000000000011100000 000000000001100111
111111111001111001 111111111100000101 000000000011110000 111111111111011010 111111111101011000 111111111110100001 111111111101110000 111111111011110101 000000000011100111 000000000010000101 111111111110000101 000000000011000111 000000000000010111 111111111111101110 000000000011010011 000000000000011110
111111111010011001 111111111100100110 000000000011101010 111111111111011100 111111111101100011 111111111111010010 111111111111000000 111111111101010000 000000000011100010 000000000001111011 111111111101011101 000000000010101100 000000000000100001 000000000000101100 000000000011000111 111111111110101101
111111111011000110 111111111101011011 000000000011101000 111111111111010011 111111111101010000 111111111111110001 000000000000000000 111111111110000000 000000000011100010 000000000001001110 111111111101000110 000000000010010110 000000000000000111 000000000001011100 000000000011100011 111111111111100000
111111111100101101 111111111110000100 000000000010111111 111111111111100010 111111111101001110 111111111110110111 111111111110110111 111111111110111000 000000000011010110 000000000001110110 111111111101010100 000000000010000011 111111111110101110 111111111110101001 000000000010100111 000000000000100010
111111111101010110 111111111101111001 000000000010111010 111111111111101100 111111111101100011 111111111110111100 111111111101100101 111111111110011011 000000000011000111 000000000001101111 111111111101010100 000000000010010100 111111111111001110 111111111110110100 000000000001111000 111111111110010111
111111111101111001 111111111110000001 000000000001010100 000000000000010010 111111111110110000 000000000000111101 111111111110011100 111111111111011111 000000000010010000 000000000001001100 111111111110010100 000000000010010110 000000000001000111 000000000001000001 111111111111010110 111111111110001010
111111111100000000 111111111100101101 000000000001101010 111111111111011111 111111111101101001 111111111111100001 111111111101101100 111111111101000101 000000000011000010 000000000001001100 111111111101000101 000000000010110110 000000000000100110 111111111111101111 000000000000010001 111111111110000011
111111111011110110 111111111101101110 000000000010100111 111111111111100111 111111111101111110 000000000001010001 111111111110101101 111111111101100110 000000000010110110 000000000000010001 111111111101010010 000000000011011001 000000000010000000 000000000001101101 000000000001100001 111111111101101110
111111111110000100 111111111110000001 000000000001111000 000000000000000000 111111111110100111 000000000001000000 111111111110110101 111111111111110111 000000000010010010 000000000000111100 111111111110000000 000000000010101010 000000000001100000 000000000000100010 000000000000010000 111111111100111100
111111111110011100 111111111110101001 000000000001101011 000000000000011100 111111111110100100 000000000000010011 111111111110011000 111111111111010000 000000000010001100 000000000001011010 111111111110000111 000000000010101111 000000000001001101 000000000000010111 000000000000000101 111111111101110110
111111111110000110 111111111110110110 000000000001000010 000000000000011100 111111111110110000 000000000000011110 111111111110101011 000000000000011010 000000000001111101 000000000001100101 111111111110110001 000000000010011110 000000000000101010 000000000000011011 000000000000000000 111111111110011001
111111111100101010 111111111101001001 000000000010000000 111111111111111000 111111111101000101 111111111101111101 111111111110110000 111111111110010000 000000000010110100 000000000010000011 111111111101001111 000000000010100000 111111111110010101 111111111110010010 000000000001001011 111111111110111111
111111111111001000 111111111110100111 000000000001110101 000000000001000001 111111111110111100 000000000000011001 111111111110101111 000000000000011101 000000000001110010 000000000000110111 111111111110111110 000000000010110111 000000000000001111 000000000000101000 000000000001010100 111111111111010010
000000000000100000 111111111110110101 000000000000110010 111111111110111111 111111111110011011 111111111111000011 111111111101101110 000000000010110010 000000000000110000 000000000001110010 111111111111001110 000000000000011100 111111111111101111 111111111101110000 111111111111101001 111111111100110111
000000000000001010 111111111110000110 000000000000000011 111111111101111001 111111111101101010 111111111110000010 111111111110000100 000000000010011100 000000000000000001 000000000010000010 111111111101110001 000000000000100111 111111111111100101 111111111101111111 111111111110011100 111111111100001101
111111111111011111 111111111110010100 000000000001010101 111111111111110011 111111111110000101 000000000000000100 111111111110000000 000000000001100000 000000000001011101 000000000001000011 111111111101110101 000000000001110000 000000000000000100 111111111111111001 111111111111100011 111111111100111101
000000000001100111 000000000010000011 000000000010101101 000000000001101010 000000000001001010 000000000001001010 000000000001000001 000000000000100100 000000000010011001 000000000001100111 000000000001001101 000000000010010010 000000000001000110 000000000010110000 000000000010100011 000000000001010000
000000000000100000 000000000001000100 000000000010110011 000000000001011010 000000000000101111 000000000000011010 111111111111111101 111111111111101100 000000000010001101 000000000001011101 000000000000100001 000000000010100011 000000000000011100 000000000010000001 000000000010011101 000000000000101010
111111111111100010 000000000000010001 000000000011000111 000000000001110100 000000000000000000 000000000000001011 111111111111100000 111111111110010111 000000000010001110 000000000001111111 000000000000011000 000000000010010011 000000000000010101 000000000001010110 000000000001110110 000000000000111111
111111111110001000 111111111110110001 000000000010110010 000000000000011111 111111111110001101 111111111101111110 111111111110100111 111111111101000111 000000000010110011 000000000010011000 111111111111101010 000000000001100100 111111111110101101 000000000000010010 000000000010010010 000000000001011111
111111111110110010 111111111111011011 000000000010111110 000000000000011011 111111111101100000 111111111101011011 111111111110010100 111111111110001001 000000000011000101 000000000010100100 111111111110101101 000000000000110011 111111111101100001 111111111111110010 000000000010100111 000000000010001100
111111111110110010 111111111111101010 000000000010010011 000000000000010001 111111111101110100 111111111110001010 111111111110111001 111111111110111000 000000000010101001 000000000010000010 111111111111000101 000000000000111001 111111111101111100 000000000000000111 000000000010000101 000000000010001001
000000000000110011 000000000000110101 000000000000101001 000000000000010011 000000000000000001 111111111111111000 000000000001000001 000000000001000000 000000000001010010 000000000001100011 000000000000100110 000000000000010000 000000000000000100 000000000001110111 000000000001001011 111111111111001010
000000000010001100 000000000001100100 111111111111110110 000000000000101000 000000000000100111 000000000000001001 000000000001011010 000000000001101001 000000000000101011 000000000001111001 000000000010010011 000000000000101100 000000000010000011 000000000010011110 000000000001111010 000000000000001010
000000000011100001 000000000001100101 111111111111111100 000000000000101010 000000000001010110 000000000000001010 111111111111111000 000000000010110110 111111111111011101 000000000001101011 000000000011001011 111111111111110010 000000000011001110 000000000010101000 000000000010100001 111111111101110101
000000000011111010 000000000001100101 000000000001001010 111111111101010110 000000000010101010 000000000001101001 111111111101111001 000000000011101111 000000000000000011 000000000001111100 000000000011101111 000000000001001010 000000000011111011 000000000010011100 000000000000100000 111111111100010001
000000000011111101 000000000010100001 000000000010101100 111111111101011001 000000000011100111 000000000010001100 111111111101101110 000000000011101100 000000000000100101 000000000010110011 000000000100010101 000000000001011011 000000000011111101 000000000010010101 111111111111010110 111111111100001100
000000000011111010 000000000011011100 000000000011110100 000000000000000100 000000000100001001 000000000010100001 111111111111101000 000000000011010111 000000000010001010 000000000100001010 000000000101010100 000000000001111001 000000000011111011 000000000011010011 000000000000110101 111111111100111011
000000000011111010 000000000100010000 000000000100110101 000000000100111100 000000000100110100 000000000011011011 000000000000101010 000000000011010100 000000000100010011 000000000101111110 000000000110101100 000000000100100010 000000000011111101 000000000011110111 000000000011111110 000000000010101111
000000000100010010 000000000100101101 000000000101100101 000000000101111001 000000000101100010 000000000100001010 000000000001010101 000000000011110010 000000000101100100 000000000110011100 000000000110010000 000000000101010111 000000000100011001 000000000100001111 000000000100110000 000000000101000111
000000000010010001 000000000011010111 000000000011001011 000000000010101001 000000000001010010 000000000000100101 111111111110101010 000000000001001010 000000000011110101 000000000011010001 000000000010110101 000000000011101010 000000000010011110 000000000010111101 000000000011000010 000000000100000010
000000000001000101 000000000010011111 000000000011100111 000000000001011001 111111111111000100 111111111111100010 111111111110000000 000000000000110001 000000000011100101 000000000010101011 000000000010011101 000000000011110010 000000000010001001 000000000010101110 000000000011101010 000000000011101110
000000000000101001 111111111111000100 000000000001000111 111111111110000000 111111111110000111 111111111111011101 111111111111111100 000000000010111101 000000000000011111 111111111111101001 111111111101101101 111111111111000101 111111111111111100 000000000001101001 111111111111111111 111111111100100111
000000000001001111 111111111111001010 000000000000101000 111111111110010110 111111111111001100 000000000000000001 111111111111010000 000000000011001101 111111111111100011 111111111111100001 111111111111010101 111111111111010010 000000000000000101 000000000001111001 111111111111011010 111111111100011000
000000000001110110 111111111110010001 111111111110001010 111111111100110110 111111111110011000 111111111110011111 111111111111010010 000000000011101011 111111111101001100 000000000000111111 111111111111010101 111111111101001000 000000000000100001 111111111111001000 111111111101000011 111111111011111111
000000000001110101 111111111101111000 111111111100110001 111111111100010000 111111111111101011 111111111101101011 111111111111111110 000000000011111000 111111111100001110 000000000001100000 111111111110011110 111111111011101000 111111111111110101 111111111101100010 111111111100110101 111111111011111110
