00000000000110 00000000000110 00000000000111 00000000011010 00000000001110 00000000010100 00000000001000 11111111111001 00000000011000 00000000011101 11111111111001 00000000010011 00000000001110 00000000001010 00000000001101 00000000011100
00000000000001 00000000001110 00000000100001 00000000101011 00000000010110 00000000011110 00000000001110 11111111111101 00000000011110 00000000100001 00000000010001 00000000011011 00000000000111 00000000010010 00000000011100 00000000011111
00000000000111 00000000000100 00000000001100 00000000010111 00000000001101 00000000001111 00000000001000 11111111110111 00000000010111 00000000011010 00000000000100 00000000010101 00000000000100 00000000001000 00000000010101 00000000010111
00000000000000 11111111111010 00000000000100 00000000010100 00000000001100 00000000001000 00000000000101 11111111111010 00000000010000 00000000010010 11111111111110 00000000001111 11111111111111 00000000000110 00000000001001 00000000010000
11111111111110 11111111110101 11111111111111 00000000010001 00000000001011 00000000000100 00000000000011 11111111110110 00000000001001 00000000001011 11111111110111 00000000001101 11111111111101 11111111111010 00000000000010 00000000001011
11111111111011 11111111110110 11111111111001 00000000001110 00000000000011 00000000000000 11111111111111 11111111110101 00000000000001 00000000000101 11111111111001 00000000001010 11111111111101 11111111111100 11111111111110 00000000000100
11111111111011 00000000000000 11111111111101 00000000010100 00000000001000 00000000001011 00000000000000 11111111110101 00000000001000 00000000001110 11111111110110 00000000001010 11111111111010 00000000001001 11111111111111 00000000000011
11111111110110 11111111111011 00000000000010 00000000010010 00000000000111 00000000001101 00000000000001 11111111110111 00000000000110 00000000001011 11111111110101 00000000001101 11111111111010 00000000001001 00000000000000 00000000000110
11111111110110 11111111110100 11111111111111 00000000010011 00000000000010 00000000000110 11111111111101 11111111110011 00000000000001 00000000000101 11111111110111 00000000001100 11111111111010 00000000000010 11111111111101 00000000000001
11111111111100 11111111110100 11111111111000 00000000001010 11111111111000 11111111111111 11111111111011 11111111110100 11111111111001 11111111111101 11111111110101 00000000001010 11111111111110 11111111111110 11111111110111 00000000000011
11111111111010 11111111110011 11111111111100 00000000000110 11111111110101 11111111111001 11111111110111 11111111110110 11111111111010 11111111111000 11111111110111 00000000001001 11111111111101 11111111111101 11111111111000 00000000000010
11111111111101 11111111110110 11111111111111 00000000000110 11111111110100 11111111110111 11111111111000 11111111110010 11111111111000 11111111111001 11111111111000 00000000001001 11111111111001 11111111110101 11111111111001 00000000000101
11111111111100 11111111110100 11111111111011 00000000000101 11111111110101 11111111110111 11111111111000 11111111110110 11111111110110 11111111111001 11111111111011 00000000001001 11111111111000 11111111111101 11111111111010 11111111111101
11111111111011 11111111110110 11111111110101 11111111111011 11111111110011 11111111110011 11111111110001 11111111110101 11111111110101 11111111110110 11111111111000 11111111111100 11111111110110 11111111111010 11111111110111 11111111110010
11111111111000 11111111110101 11111111110101 00000000000000 11111111110011 11111111110100 11111111110011 11111111110100 11111111110110 11111111110111 11111111110111 00000000000010 11111111110101 00000000000000 11111111111001 11111111110111
11111111111011 11111111110110 11111111111010 00000000001010 11111111110110 11111111111011 11111111110101 11111111110110 11111111111000 00000000000001 11111111110101 00000000001001 11111111111010 00000000000001 00000000000000 00000000000001
11111111110111 11111111111000 11111111110101 11111111111001 11111111110000 11111111110100 11111111110100 11111111110110 11111111111110 11111111111000 11111111110001 11111111111101 11111111110010 11111111110100 11111111110100 11111111110101
11111111111010 11111111110100 11111111110110 11111111111110 11111111110100 11111111110101 11111111110101 11111111110111 11111111110110 11111111111000 11111111110110 00000000000101 11111111110101 11111111111001 11111111111010 11111111111010
00000000000000 11111111111001 11111111110101 00000000000011 11111111110101 11111111111000 11111111110101 11111111110111 11111111111000 11111111111001 11111111110110 00000000001110 11111111111001 00000000000100 11111111111000 00000000000111
00000000001100 11111111111111 11111111110110 00000000001001 11111111111000 00000000000110 11111111111010 11111111111000 11111111111111 00000000001100 11111111110010 00000000001111 00000000000110 00000000001010 11111111111010 00000000010000
00000000000110 11111111111000 11111111111110 00000000000010 11111111110101 00000000000010 00000000000001 11111111110110 00000000000010 11111111111100 11111111110010 00000000001001 00000000001010 00000000000101 11111111111000 00000000000110
11111111111111 11111111110101 11111111111011 00000000000001 11111111110100 11111111111110 11111111111111 11111111111000 00000000001010 11111111111010 11111111110101 00000000001111 00000000001010 11111111111110 11111111111000 00000000000110
00000000001100 11111111110111 11111111111010 00000000000110 11111111110101 11111111111110 00000000000001 11111111111000 00000000000101 11111111111111 11111111110101 00000000001111 00000000000111 00000000000001 11111111111010 00000000001101
00000000000001 11111111110101 00000000000111 00000000000011 11111111110010 11111111111000 11111111111100 00000000000000 00000000001000 11111111111000 11111111110110 00000000001110 00000000000001 00000000000001 00000000000111 00000000001011
00000000000001 11111111110100 11111111111110 00000000000101 11111111110001 11111111110110 11111111110111 00000000000010 00000000001001 11111111111001 11111111110110 00000000001110 00000000000001 11111111111000 11111111111010 00000000010001
11111111111110 11111111110110 11111111110111 00000000001001 11111111110101 11111111111001 11111111110111 11111111111001 11111111111111 11111111111101 11111111110011 00000000001011 00000000000000 11111111110110 11111111110111 00000000000001
11111111111000 11111111110111 11111111111010 00000000000101 11111111110110 11111111110111 11111111111001 11111111110111 00000000000010 11111111111001 11111111110111 00000000001000 11111111111011 11111111111011 11111111110110 11111111111101
11111111111010 11111111110110 11111111110100 11111111111110 11111111110010 11111111110101 11111111110011 11111111110110 11111111110111 11111111110110 11111111110101 00000000000111 11111111110111 11111111111000 11111111110100 11111111111001
11111111111000 11111111111000 11111111110100 11111111111011 11111111110001 11111111110100 11111111110110 11111111110110 11111111110101 11111111110111 11111111110110 00000000000010 11111111110101 11111111110110 11111111110110 11111111110111
11111111110100 11111111110110 11111111111011 11111111111011 11111111111001 11111111110110 11111111110101 11111111111110 11111111111001 11111111111011 00000000000110 11111111110110 11111111110100 11111111110111 00000000000110 11111111110001
11111111110111 11111111111011 00000000000010 11111111111000 11111111111110 11111111111001 11111111110110 00000000000111 11111111111010 11111111110111 00000000001001 11111111110111 11111111110010 11111111111001 00000000001011 11111111110011
11111111110111 11111111110100 11111111111000 11111111110110 11111111110111 11111111110010 11111111110100 00000000000100 11111111110100 11111111110111 00000000000110 11111111110100 11111111110010 11111111110010 00000000000100 11111111110010
11111111111000 11111111110001 11111111110100 11111111110100 11111111110001 11111111101111 11111111110010 11111111111000 11111111110010 11111111110101 11111111110011 00000000000000 11111111110010 11111111110000 11111111110100 11111111110000
11111111110111 11111111110000 11111111110110 11111111110011 11111111101111 11111111101111 11111111110010 11111111110100 00000000001000 11111111111110 11111111110000 00000000001000 11111111110011 11111111101111 11111111110100 11111111110100
11111111110011 11111111110000 11111111111000 11111111110101 11111111101111 11111111101111 11111111110010 11111111110001 00000000001010 11111111111100 11111111110001 00000000000110 11111111110100 11111111110011 11111111110110 11111111110011
11111111110101 11111111110010 00000000000010 11111111111100 11111111110001 11111111110011 11111111110011 11111111110100 00000000001001 11111111110011 11111111110011 00000000001000 11111111111011 11111111110100 11111111111100 11111111111111
11111111111011 11111111110100 00000000000100 11111111111111 11111111110001 11111111110100 11111111110100 11111111111010 00000000001010 11111111110111 11111111110101 00000000001000 11111111111100 11111111110011 00000000000001 00000000000100
11111111111101 11111111110111 00000000001000 11111111111010 11111111110000 11111111110000 11111111110100 11111111111010 00000000001000 11111111110110 11111111110110 00000000001101 11111111111000 11111111110011 00000000000100 00000000000101
00000000000101 11111111110111 00000000000111 00000000000001 11111111110000 11111111110001 11111111110100 00000000000000 00000000001011 11111111111000 11111111110110 00000000001101 11111111111011 11111111110100 00000000000100 00000000001111
00000000000101 11111111110110 00000000000111 00000000000001 11111111110001 11111111110100 11111111110110 00000000000100 00000000001100 11111111111001 11111111111000 00000000001110 11111111111111 11111111110010 00000000000011 00000000010000
11111111111101 11111111110110 00000000000111 00000000000000 11111111110001 11111111110001 11111111110100 00000000000000 00000000001000 11111111111000 11111111111001 00000000001000 11111111111100 11111111110001 00000000000010 00000000001010
00000000000011 11111111110110 00000000000010 00000000001001 11111111110010 11111111110110 11111111110110 00000000000111 00000000000011 11111111111011 11111111111000 00000000001111 11111111111110 11111111110101 11111111111111 00000000010101
00000000000101 11111111110110 00000000001000 00000000001001 11111111110001 11111111110111 11111111111011 11111111111101 00000000000101 00000000000000 11111111110111 00000000001001 00000000000000 11111111111001 00000000000010 00000000001011
00000000000101 11111111110100 00000000000111 00000000000111 11111111110001 11111111111000 11111111111111 11111111111001 00000000000111 11111111111011 11111111111010 00000000001001 00000000000100 11111111111100 00000000000010 00000000000100
11111111111111 11111111110111 11111111111000 00000000001000 11111111110110 11111111111100 11111111111110 11111111110111 11111111110111 00000000000100 11111111110110 00000000001001 11111111111101 11111111111010 11111111110111 00000000000011
11111111111101 11111111110111 11111111110110 00000000001010 11111111110111 11111111111101 11111111111000 11111111110111 11111111110111 00000000000010 11111111110110 00000000001001 11111111111110 00000000000001 11111111111101 00000000000111
11111111111110 11111111111001 11111111111001 00000000001110 11111111110110 11111111111110 11111111111100 11111111111010 11111111111100 00000000001110 11111111110101 00000000001010 11111111111110 00000000000100 11111111111111 00000000000110
00000000000000 11111111110100 11111111111101 00000000001101 11111111111000 11111111111111 00000000000000 11111111111000 11111111111001 00000000000111 11111111111000 00000000001010 00000000000011 00000000000010 11111111111000 00000000000110
11111111110010 11111111101101 00000000001010 11111111110000 11111111101101 11111111101101 11111111111110 11111111110011 00000000010000 00000000000100 11111111101000 11111111111110 11111111101000 11111111100100 00000000001010 11111111110001
11111111110000 11111111101000 11111111110100 00000000000001 11111111101100 11111111101011 00000000000011 11111111110000 00000000010000 00000000010000 11111111100001 00000000000100 11111111100101 11111111100000 11111111110100 11111111101111
11111111101111 11111111101000 11111111110100 11111111111010 11111111101100 11111111101100 00000000000011 11111111110000 00000000001010 00000000000110 11111111100101 00000000001010 11111111101010 11111111100100 11111111110100 11111111110010
11111111110011 11111111110010 11111111110010 11111111101110 11111111101110 11111111101110 11111111111001 11111111110100 11111111111000 11111111111101 11111111101110 11111111111100 11111111110010 11111111101110 11111111110100 11111111110000
11111111110100 11111111110101 11111111110000 11111111101111 11111111101111 11111111110010 11111111110101 11111111110011 11111111110100 11111111111001 11111111110100 11111111110010 11111111110010 11111111110011 11111111110000 11111111110000
11111111110010 11111111110101 11111111110000 11111111101111 11111111101111 11111111110010 11111111110101 11111111111001 11111111110000 11111111111010 11111111111000 11111111110010 11111111110010 11111111110010 11111111110001 11111111110000
11111111110100 11111111110100 11111111101111 11111111101111 11111111101111 11111111110001 11111111110111 11111111111010 11111111110000 11111111110101 11111111111010 11111111110001 11111111110010 11111111110110 11111111110101 11111111110000
11111111111000 11111111110010 11111111101111 11111111110010 11111111101110 11111111101110 11111111110100 11111111111001 11111111110100 11111111110111 11111111110000 11111111110011 11111111110010 11111111110101 11111111110001 11111111110000
11111111110101 11111111110010 11111111110010 11111111101111 11111111101110 11111111101111 11111111110110 11111111110101 00000000000100 11111111111110 11111111101101 00000000000011 11111111110001 11111111101111 11111111110100 11111111110000
11111111110101 11111111110000 00000000000110 11111111101110 11111111101110 11111111101111 11111111111001 11111111110100 00000000010000 11111111111101 11111111101110 00000000001010 11111111101100 11111111101111 00000000000110 11111111111000
11111111110101 11111111110001 00000000001010 11111111100110 11111111101110 11111111101110 11111111110100 11111111111000 00000000010000 00000000000000 11111111101101 00000000010000 11111111101011 11111111110010 00000000001010 11111111111110
11111111111100 11111111110100 00000000010000 11111111101100 11111111110000 11111111101110 11111111110000 11111111111010 00000000010000 11111111111110 11111111110000 00000000010000 11111111101100 11111111110100 00000000010000 11111111111110
11111111111011 11111111110110 00000000010000 11111111101101 11111111101110 11111111101100 11111111101010 11111111111110 00000000010000 11111111111100 11111111110000 00000000010000 11111111101100 00000000000000 00000000010000 11111111111101
11111111111110 11111111110111 00000000001010 11111111101011 11111111101110 11111111101100 11111111101111 00000000000100 00000000010000 11111111111010 11111111110011 00000000010000 11111111101110 00000000000010 00000000001010 00000000000100
11111111111101 11111111110111 00000000001010 11111111101111 11111111101110 11111111101011 11111111110100 00000000000011 00000000010000 11111111111101 11111111110100 00000000001010 11111111100111 11111111111010 00000000001000 00000000000111
11111111111100 11111111110110 00000000000010 11111111110101 11111111101110 11111111101100 11111111111101 11111111111010 00000000001010 11111111111101 11111111110010 00000000001010 11111111100111 11111111111011 11111111111110 11111111111100
11111111101010 11111111101111 00000000001010 00000000000000 11111111110001 11111111110100 11111111110001 11111111101111 00000000001100 00000000000100 11111111110001 00000000000001 11111111111100 11111111110111 00000000000011 11111111110110
11111111101010 11111111110001 00000000001010 11111111110111 11111111110001 11111111110100 11111111110101 11111111110000 00000000001001 00000000000110 11111111110001 11111111111110 11111111111100 11111111111010 00000000000011 11111111110011
11111111101101 11111111110010 00000000001000 11111111111001 11111111110001 11111111110101 11111111111010 11111111110000 00000000001001 00000000000100 11111111110000 00000000000000 11111111111011 11111111111001 00000000000110 11111111110100
11111111110010 11111111110100 00000000000010 11111111111011 11111111110000 11111111110001 11111111110100 11111111110010 00000000000010 00000000000010 11111111110001 11111111111101 11111111110110 11111111110101 11111111111101 11111111110100
11111111110010 11111111110011 11111111111000 11111111110100 11111111110001 11111111110100 11111111110001 11111111110000 11111111111101 11111111111011 11111111110001 11111111110100 11111111110110 11111111110100 11111111110101 11111111110001
11111111110100 11111111110010 11111111110110 11111111110110 11111111110011 11111111110100 11111111110010 11111111110011 11111111110110 11111111110110 11111111110001 11111111111001 11111111110110 11111111110101 11111111110001 11111111110000
11111111101111 11111111110000 11111111110011 11111111110110 11111111110001 11111111110101 11111111110001 11111111101111 11111111111110 11111111111110 11111111110001 00000000000000 11111111110111 11111111110101 11111111110011 11111111110011
11111111101111 11111111110000 11111111110111 11111111111001 11111111110010 11111111110100 11111111110010 11111111110000 00000000000000 11111111110110 11111111110001 00000000000111 11111111111101 11111111110011 11111111110011 11111111110011
11111111110001 11111111110001 11111111110110 11111111111001 11111111110010 11111111110011 11111111110010 11111111110011 11111111110110 11111111110110 11111111110001 00000000000000 11111111111000 11111111110110 11111111110011 11111111110000
11111111110001 11111111110011 11111111110100 11111111110111 11111111110010 11111111110101 11111111110010 11111111110001 11111111110100 11111111111000 11111111110001 11111111111010 11111111110110 11111111110101 11111111110011 11111111110000
11111111110010 11111111110011 11111111110101 11111111111000 11111111110001 11111111110101 11111111110010 11111111110100 11111111110111 11111111111001 11111111110001 11111111111100 11111111110111 11111111110110 11111111110011 11111111110001
11111111110001 11111111110001 11111111110101 11111111110111 11111111110001 11111111110000 11111111110011 11111111110000 11111111111101 11111111111110 11111111110000 11111111111101 11111111110011 11111111110100 11111111110001 11111111110011
11111111110100 11111111110001 11111111111000 11111111111010 11111111110010 11111111110101 11111111110101 11111111110101 11111111110101 11111111110110 11111111110001 11111111111010 11111111110110 11111111110011 11111111110101 11111111110010
11111111110100 11111111110101 11111111110100 11111111110011 11111111110001 11111111110011 11111111110001 11111111110101 11111111110100 00000000000000 11111111110100 11111111110100 11111111110100 11111111110011 11111111110100 11111111110001
11111111110011 11111111110011 11111111110011 11111111110001 11111111110010 11111111110100 11111111110000 11111111110100 11111111110100 11111111111111 11111111110000 11111111110010 11111111110011 11111111110011 11111111110011 11111111110000
11111111110001 11111111110010 11111111110100 11111111110101 11111111110001 11111111110100 11111111110001 11111111110100 11111111110100 11111111111000 11111111110001 11111111110100 11111111110101 11111111110101 11111111110011 11111111110000
11111111111101 11111111110111 00000000000111 00000000000000 11111111110100 11111111111101 11111111111100 11111111110101 00000000000000 11111111111000 11111111110100 00000000000111 11111111111011 11111111111101 00000000000100 11111111111000
11111111111011 11111111110101 00000000001000 00000000000010 11111111110100 11111111111010 11111111111001 11111111110100 00000000000101 11111111111001 11111111110101 00000000001001 11111111111011 11111111111110 00000000000111 11111111110111
11111111111001 11111111111010 00000000000111 00000000000101 11111111110010 11111111111000 11111111111000 11111111110100 00000000000110 11111111111100 11111111110110 00000000000000 11111111111100 11111111111101 00000000000000 11111111110100
11111111110100 11111111110110 11111111111101 11111111111111 11111111110010 11111111110010 11111111110010 11111111110011 00000000000111 00000000000010 11111111110110 11111111110101 11111111110110 11111111111011 11111111111001 11111111110011
11111111110111 11111111111000 00000000000100 11111111111111 11111111110000 11111111110001 11111111110011 11111111110100 00000000000110 00000000000010 11111111110011 11111111110101 11111111110011 11111111111001 00000000000000 11111111110100
11111111110011 11111111110111 11111111111101 11111111111111 11111111110001 11111111110010 11111111110010 11111111110100 11111111111111 11111111111011 11111111110100 11111111110001 11111111110011 11111111111000 11111111111001 11111111110011
11111111110110 11111111110111 11111111110100 11111111110110 11111111110110 11111111111001 11111111110101 11111111110001 11111111110101 11111111110111 11111111111000 11111111110110 11111111110101 00000000000010 11111111111000 11111111110010
00000000000001 11111111111010 11111111111000 11111111111001 11111111111001 11111111111011 11111111110100 11111111110111 11111111110110 11111111110111 11111111111101 11111111110111 11111111111100 00000000000100 00000000000000 11111111110110
00000000000111 11111111110110 11111111111100 11111111110010 11111111111100 11111111111010 11111111110100 11111111111100 11111111110011 11111111110111 00000000001010 11111111110111 00000000000000 00000000000000 00000000000111 11111111110010
00000000001010 11111111110111 00000000000001 11111111110011 00000000001000 11111111111101 11111111110010 00000000001010 11111111111010 11111111111011 00000000001111 11111111111111 00000000001010 11111111111000 11111111111110 11111111110010
00000000001010 11111111110111 00000000000101 11111111110011 00000000001100 00000000000000 11111111110000 00000000001000 11111111111011 11111111111100 00000000010000 00000000000000 00000000001010 11111111111100 11111111111010 11111111110000
00000000010000 11111111111000 00000000001001 11111111110010 00000000001101 00000000000100 11111111110000 00000000000111 11111111111111 00000000000011 00000000010001 00000000000000 00000000001010 00000000000100 11111111111111 11111111110011
00000000001001 00000000000001 00000000001101 00000000000011 00000000010000 00000000001000 11111111110011 11111111111010 00000000001010 00000000001101 00000000010010 00000000000001 00000000001001 00000000001011 00000000001010 11111111110100
00000000000011 11111111111001 00000000001111 00000000010000 00000000000111 00000000001000 11111111110101 11111111111100 00000000001011 00000000010001 00000000001101 00000000001000 11111111111110 00000000001001 00000000001101 00000000000111
00000000000001 11111111111110 11111111111000 00000000001000 11111111110100 11111111111101 11111111110100 11111111110111 00000000000100 00000000000010 11111111110111 00000000001001 00000000000010 00000000000111 11111111111010 00000000000111
00000000000000 11111111111000 00000000000111 00000000000101 11111111110010 11111111111000 11111111110101 11111111111100 00000000001001 11111111111100 11111111110110 00000000001111 00000000000100 00000000000101 00000000000110 00000000001100
11111111110100 11111111110001 11111111110010 11111111110001 11111111110001 11111111110100 11111111110100 11111111110111 11111111110100 11111111110001 11111111110001 11111111110100 11111111110100 11111111110101 11111111110100 11111111110001
11111111110011 11111111110010 11111111110100 11111111110001 11111111110000 11111111110011 11111111110101 11111111111010 11111111110100 11111111110010 11111111110100 11111111110100 11111111110100 11111111110010 11111111110100 11111111110001
11111111110110 11111111110011 11111111110100 11111111110001 11111111110001 11111111110011 11111111110011 00000000000100 11111111110000 11111111111011 11111111110011 11111111110000 11111111110011 11111111110100 11111111110010 11111111110000
11111111110100 11111111110010 11111111110000 11111111110000 11111111110011 11111111110011 11111111110001 00000000001010 11111111101111 11111111110110 11111111111000 11111111110000 11111111110010 11111111110000 11111111110001 11111111110000
