00000000010001101 00000000010001010 00000000011101100 00000000100100011 00000000011010000 00000000011010000 00000000010010011 00000000001110100 00000000011101011 00000000100001101 00000000011101001 00000000011010011 00000000100001101 00000000010000011 00000000011011110 00000000100010011
00000000010101111 00000000010001010 00000000100111100 00000000101010110 00000000100010010 00000000100101100 00000000011110010 00000000010110010 00000000101000110 00000000101100111 00000000100101000 00000000100101110 00000000101000111 00000000010000111 00000000100101111 00000000101011011
00000000011100101 00000000010001010 00000000011110011 00000000011111111 00000000010111000 00000000010101101 00000000001110011 00000000010001101 00000000011111110 00000000011110010 00000000011011101 00000000011011000 00000000010111001 00000000001111011 00000000011111001 00000000100000110
00000000010100101 00000000001111100 00000000011000001 00000000011100101 00000000010101011 00000000010001101 00000000001101001 00000000001100110 00000000010111011 00000000011000000 00000000010111100 00000000011000111 00000000010010110 00000000001111000 00000000010110000 00000000011000110
00000000001101101 00000000001011110 00000000010011001 00000000011000001 00000000010011111 00000000001111010 00000000001101010 00000000001010110 00000000010000001 00000000010000100 00000000010000011 00000000010101000 00000000001110110 00000000001100101 00000000010000011 00000000010010000
00000000001010010 00000000001100011 00000000010000110 00000000010101010 00000000010001110 00000000001011000 00000000001000111 00000000000111000 00000000001101111 00000000001110111 00000000010000011 00000000010011111 00000000001110000 00000000001101111 00000000001111010 00000000010000111
00000000001100011 00000000001110111 00000000010100011 00000000011001011 00000000010101000 00000000010000110 00000000001100011 00000000001000011 00000000001111011 00000000010010101 00000000010011110 00000000011000011 00000000010011101 00000000001111110 00000000001001110 00000000001111100
00000000001100001 00000000001110001 00000000010011101 00000000011001101 00000000010101100 00000000010011000 00000000001111101 00000000001011100 00000000001101010 00000000010000000 00000000010010101 00000000011001001 00000000010011111 00000000010000010 00000000001001001 00000000001101101
00000000001011101 00000000001101101 00000000010001110 00000000010110101 00000000010011101 00000000010001010 00000000001111000 00000000001011010 00000000001001110 00000000001100001 00000000010000010 00000000010111000 00000000010001101 00000000010000101 00000000000111001 00000000001010000
00000000001000110 00000000001010001 00000000001101101 00000000010000110 00000000001110001 00000000001001011 00000000000101111 00000000000010110 00000000001001001 00000000000110100 00000000000110110 00000000010000111 00000000001011011 00000000001100000 00000000001010100 00000000001011011
00000000000011100 00000000000110110 00000000001101111 00000000001000011 00000000000011000 00000000000000100 11111111111111101 11111111111100010 00000000001010101 00000000000100101 00000000000011111 00000000001110011 00000000000101001 00000000000111100 00000000001101010 00000000001101011
00000000001000111 00000000000110111 00000000001101100 00000000001000011 00000000000110000 11111111111111110 11111111111110111 00000000000000001 00000000001011011 00000000000101110 00000000000011100 00000000001101111 00000000000001100 00000000000111011 00000000001111010 00000000001110100
00000000001001010 00000000001000011 00000000001100110 00000000001001000 00000000000010010 11111111111110000 11111111111101110 00000000000001101 00000000001001001 00000000000011011 00000000000100001 00000000001101001 11111111111111001 00000000000111101 00000000001111000 00000000001011100
00000000001010011 00000000000011011 00000000000111110 00000000000101101 11111111111100100 11111111111010011 11111111111101100 00000000000100101 00000000000000100 00000000000010101 00000000000010101 00000000001000110 00000000000010110 00000000000010110 00000000000111001 11111111111110000
00000000001011001 00000000000111111 00000000000111111 00000000000110111 11111111111101100 11111111111001101 11111111111001000 11111111111111010 00000000000001110 00000000000010110 00000000000101100 00000000001110001 00000000000011001 00000000001001001 00000000000111110 00000000000111011
00000000001100110 00000000001100101 00000000001101100 00000000001111100 00000000001011000 00000000000010110 11111111111110100 00000000000100110 00000000001011110 00000000001010110 00000000001110001 00000000010000110 00000000001010011 00000000001101111 00000000010000100 00000000001110010
00000000000100000 00000000000010101 00000000000001101 11111111111100110 11111111110110010 11111111110101010 00000000000010000 00000000001000011 00000000001001101 00000000000101110 11111111110101110 00000000000000001 11111111110101011 11111111111100110 00000000000101000 00000000000011110
00000000001010000 00000000001000001 00000000000100000 00000000000011010 00000000000000101 11111111111110011 11111111111111100 00000000001100110 00000000001001011 11111111111111110 00000000000010000 00000000000101100 11111111111110000 00000000001001110 00000000001001111 00000000000111010
00000000010000010 00000000001011100 00000000000111101 00000000000101101 00000000000001010 11111111111111100 11111111111110111 00000000001011011 00000000001011101 00000000000001100 00000000000000110 00000000001010001 00000000000000010 00000000001101010 00000000001010110 00000000001010101
00000000011010111 00000000001111001 00000000001110100 00000000001110000 00000000001100100 00000000001010101 00000000000110001 00000000010010110 00000000010011100 00000000010000001 00000000001010110 00000000001111001 00000000010001100 00000000001111111 00000000010100100 00000000010111011
00000000001011000 00000000001101100 00000000001101001 00000000000100011 00000000000100100 00000000001000000 00000000001000111 00000000000101010 00000000001011101 00000000000100100 11111111111101000 00000000001101000 00000000010000010 00000000010000100 00000000001101010 00000000001010110
00000000000010110 00000000001001001 00000000001101111 00000000000001000 00000000000001110 00000000000111011 00000000001010010 00000000000100111 00000000001001111 00000000000000110 00000000000000011 00000000001110000 00000000001110100 00000000001111011 00000000001101110 00000000001001101
00000000010010000 00000000001100100 00000000001101101 00000000001000010 00000000001000111 00000000000111010 00000000001001111 00000000010000001 00000000001110110 00000000000111101 00000000000100101 00000000001110000 00000000001011100 00000000001111101 00000000010011001 00000000010001101
00000000000011110 00000000001001001 00000000001110101 00000000000011101 11111111111001110 11111111111111000 00000000000010100 00000000001010011 00000000001100100 00000000000100001 00000000000001110 00000000001110000 00000000000011001 00000000001001100 00000000010000010 00000000001100011
00000000000100011 00000000001000111 00000000001110101 00000000000101000 11111111111010011 11111111111101011 11111111111011111 00000000010001000 00000000001110011 00000000000101010 00000000000010111 00000000001110011 00000000000101000 00000000001010111 00000000010000010 00000000010011010
00000000000101001 00000000001000100 00000000001100001 00000000001011000 00000000000101011 00000000000011111 00000000000000011 00000000001001111 00000000001101010 00000000000111101 00000000000000111 00000000001101010 00000000000111101 00000000001010000 00000000001110000 00000000001101001
11111111111110000 00000000000011000 00000000001010111 00000000000101000 11111111111110010 00000000000000110 00000000000010100 00000000000000000 00000000001000010 00000000000100001 00000000000000001 00000000001011101 00000000000010001 00000000000111000 00000000001000100 00000000000101100
00000000000101100 00000000000100100 00000000001001000 00000000000001010 11111111111011010 11111111111101011 00000000000010000 00000000000110100 00000000001001011 00000000000100010 00000000000001001 00000000001001111 00000000000000000 00000000000101000 00000000001001001 00000000000111101
00000000000110011 00000000000100010 00000000000011110 00000000000000010 11111111110110111 11111111110111000 00000000000001001 00000000000110010 00000000001001010 00000000000101001 11111111111111110 00000000001001011 11111111111011100 00000000000001000 00000000000101101 00000000000101011
00000000001100000 00000000001000111 00000000000101100 00000000000111000 00000000000110111 00000000000000000 00000000001000000 00000000001111100 00000000001001000 00000000001000101 00000000001011011 00000000000110101 00000000000101000 00000000001001011 00000000001110101 11111111111111111
00000000001101100 00000000001100010 00000000000110010 00000000001000011 00000000001000001 00000000000000011 00000000000110101 00000000010000001 00000000000111101 00000000001010000 00000000001010011 11111111111110110 00000000000101110 00000000000001010 00000000001101110 11111111111001001
00000000001011101 00000000000110011 11111111111110001 00000000000110010 00000000000110010 11111111111100011 00000000000101001 00000000001110001 00000000000010000 00000000001000110 00000000000111011 11111111111100010 00000000000110110 11111111111110011 00000000001001011 11111111110111001
00000000000101010 11111111111010100 11111111111011101 11111111111100000 11111111110100000 11111111110001011 11111111110111100 00000000000110100 11111111111111011 00000000000111111 11111111111001001 00000000000011101 11111111111110100 11111111110010100 11111111111010110 11111111110111110
11111111110111101 11111111110010111 00000000000101010 11111111110010110 11111111101110110 11111111101111001 11111111111001000 11111111111001010 00000000001101100 00000000001001111 11111111110000100 00000000001010100 11111111110100111 11111111110001110 00000000000001100 11111111111010100
11111111110011110 11111111110001111 00000000001010001 11111111110001001 11111111101111000 11111111110000100 11111111110111101 11111111110101011 00000000001111010 00000000001001000 11111111110011110 00000000001110000 11111111110111000 11111111111000100 00000000000111110 11111111111101001
11111111110111101 11111111111001011 00000000001101011 11111111111011001 11111111110011110 11111111111000011 11111111110111110 11111111111110011 00000000001110100 00000000000100011 11111111111100100 00000000001110011 11111111111111100 00000000000001010 00000000001101001 00000000000101010
11111111111110010 11111111111110011 00000000001111000 11111111111110100 11111111110101011 11111111111011000 11111111111001001 00000000000110111 00000000001110100 00000000000110100 00000000000000011 00000000001101110 11111111111110001 11111111111011110 00000000001111101 00000000001010000
00000000000000111 11111111111110000 00000000001111001 11111111111010001 11111111110010001 11111111110110100 11111111110111010 00000000000111101 00000000001111001 00000000000110011 11111111111101011 00000000001101010 11111111111001011 11111111111011011 00000000001111110 00000000001010101
00000000001000111 00000000000001011 00000000001111010 11111111111110110 11111111110101001 11111111111001100 11111111111000101 00000000010001101 00000000001111101 00000000000101111 00000000000001010 00000000001101101 11111111111101001 00000000000001011 00000000010000100 00000000010011101
00000000000111010 00000000000010000 00000000001111010 00000000000000101 11111111110110011 11111111111011110 11111111111001011 00000000010000110 00000000001111111 00000000001001011 00000000000101000 00000000001110011 00000000000001010 00000000000000001 00000000010000011 00000000010100100
00000000000001100 00000000000000010 00000000001110111 11111111111111001 11111111110110100 11111111111010101 11111111110111101 00000000001010100 00000000001111011 00000000001001001 00000000000110011 00000000001110101 11111111111110110 11111111111011010 00000000010000010 00000000010010100
00000000001000001 00000000000110000 00000000001111001 00000000001001100 11111111111101101 11111111111101111 11111111111000110 00000000010101101 00000000010010000 00000000001100011 00000000001001101 00000000001111010 00000000000010100 00000000000100011 00000000010011100 00000000011001101
00000000001010010 00000000001001101 00000000001111001 00000000001010100 11111111111100100 00000000000001100 11111111111110111 00000000001110010 00000000010000011 00000000001011010 00000000001000110 00000000001111010 00000000000101011 00000000001000001 00000000010001011 00000000010011111
00000000001001010 00000000000111100 00000000001111000 00000000001000000 11111111111010110 00000000000001010 00000000000100011 00000000001001100 00000000001111000 00000000000111001 00000000000110100 00000000001111011 00000000000111110 00000000001011101 00000000001111111 00000000001111100
00000000001100100 00000000001011011 00000000001111000 00000000001100111 00000000000111011 00000000000110100 00000000001000100 00000000001100100 00000000010000000 00000000001100110 00000000001010110 00000000001111110 00000000001011001 00000000001101011 00000000010001101 00000000010000011
00000000001100011 00000000001101101 00000000001101100 00000000001011110 00000000000110011 00000000000101001 00000000000101100 00000000001111111 00000000001111111 00000000001100101 00000000001010010 00000000001111001 00000000001010101 00000000001110101 00000000010011101 00000000010011000
00000000010001011 00000000001110100 00000000010000100 00000000010001111 00000000001011110 00000000000111010 00000000000101001 00000000010100000 00000000010011001 00000000010101010 00000000010001011 00000000010010000 00000000001111010 00000000001111001 00000000010011010 00000000010101011
00000000001010011 00000000001100101 00000000001110110 00000000001111111 00000000001010001 00000000000110100 00000000000111010 00000000000111001 00000000001111001 00000000001110010 00000000001011010 00000000010000010 00000000001110101 00000000001110010 00000000001110100 00000000010000100
11111111110011111 11111111101100110 00000000001100100 11111111110111010 11111111101101110 11111111101101010 11111111110111000 11111111111101111 00000000010000000 00000000001101011 11111111100001110 00000000000110010 11111111100011110 11111111011111100 00000000001010001 11111111111100101
11111111101110010 11111111100110000 11111111111011000 11111111110110010 11111111101100011 11111111101101010 00000000000011111 11111111110111100 00000000010000000 00000000001110010 11111111011011010 00000000000101100 11111111011100010 11111111011001011 11111111110111110 00000000000011100
11111111110000111 11111111100110011 11111111110101110 11111111101111100 11111111101011010 11111111101011111 00000000000110100 11111111110101100 00000000010000000 00000000001101101 11111111100000011 00000000001001011 11111111100011101 11111111011111010 11111111110100000 11111111111110101
11111111111110110 11111111110011010 11111111110101111 11111111110101101 11111111101001110 11111111101100110 00000000000110100 00000000000001010 00000000000110100 00000000001000100 11111111101101110 00000000000101000 11111111110011110 11111111101110010 11111111110100111 11111111110111011
00000000000100100 11111111111001000 11111111110010101 11111111110111001 11111111101101011 11111111110011010 00000000000111001 00000000001000001 11111111110100001 00000000000101010 11111111111000101 11111111111011011 11111111111011001 11111111110100100 11111111110100010 11111111110010100
00000000001000100 11111111110111110 11111111110001001 11111111110001100 11111111101111000 11111111110010100 00000000001000100 00000000001100010 11111111110001000 00000000000110100 11111111111001000 11111111110111001 00000000000001011 11111111110100110 11111111110100101 11111111110000010
00000000001001001 11111111111000111 11111111101110100 11111111110110000 11111111101101000 11111111101101111 00000000001000011 00000000001011110 11111111110000001 00000000000111110 11111111110101101 11111111110010011 00000000000010101 11111111110011001 11111111111001011 11111111110001110
00000000001000001 11111111110111001 11111111101111001 11111111111000101 11111111101011010 11111111101100011 00000000000110011 00000000001010010 11111111110010001 00000000001000111 11111111110100110 11111111111010111 00000000000001011 11111111101110001 11111111110100010 11111111110010010
11111111111111110 11111111110010110 11111111111000111 11111111110000011 11111111101011101 11111111101101011 00000000000100001 00000000000000100 00000000001011001 00000000001001110 11111111101011111 00000000000111100 11111111110011000 11111111101111101 11111111110111010 11111111110100111
11111111110111000 11111111110000111 00000000001110000 11111111100101100 11111111101110000 11111111101100100 11111111110101111 11111111111010011 00000000010000000 00000000001010101 11111111101100010 00000000001110000 11111111101011001 11111111101111111 00000000001101100 11111111111011100
11111111110110110 11111111110100001 00000000010000000 11111111100011100 11111111101111001 11111111101011011 11111111101010011 11111111111011111 00000000010000000 00000000001011101 11111111101101000 00000000001111000 11111111101001101 11111111101100110 00000000010000000 11111111111001011
11111111111110100 11111111111010111 00000000010000000 11111111101000111 11111111101111011 11111111101011101 11111111101011101 00000000000001001 00000000010000000 00000000001001101 11111111101111100 00000000001110110 11111111101100100 11111111110011110 00000000010000000 11111111111010101
11111111111110010 11111111111100100 00000000010000000 11111111100110010 11111111101111010 11111111100111110 11111111100110110 00000000000001101 00000000010000000 00000000001001111 11111111101111100 00000000001111101 11111111101011110 11111111110111110 00000000010000000 11111111111000110
00000000000010000 11111111111110100 00000000010000000 11111111100011111 11111111101111000 11111111100110100 11111111101001110 00000000001001010 00000000010000000 00000000001000111 11111111110100100 00000000001111101 11111111101101100 11111111111010111 00000000010000000 00000000000001111
11111111111111010 11111111111110100 00000000010000000 11111111101000010 11111111101110000 11111111100100011 11111111101011000 00000000001000100 00000000010000000 00000000001011011 11111111110101000 00000000001111000 11111111100110000 11111111110001100 00000000010000000 00000000000101110
00000000000010010 00000000000000100 00000000001110010 11111111101011110 11111111101101111 11111111100101111 11111111101110101 00000000000111011 00000000010000000 00000000001001111 11111111110010011 00000000001110000 11111111100100011 11111111110011100 00000000001101100 00000000000110110
11111111100111111 11111111110000010 00000000001111010 11111111111101110 11111111110101010 11111111111001010 11111111110110101 11111111101111001 00000000001110100 00000000001001000 11111111110111110 00000000001100100 00000000000001001 11111111111110110 00000000001101000 00000000000010000
11111111101001101 11111111110010001 00000000001101101 11111111111110000 11111111110101101 11111111111011110 11111111111011011 11111111110100100 00000000001110010 00000000000111110 11111111110101011 00000000001010110 00000000000001110 00000000000010001 00000000001100011 11111111111001011
11111111101100001 11111111110101100 00000000001110110 11111111111101010 11111111110100011 11111111111110010 11111111111111100 11111111110110101 00000000001110011 00000000000101011 11111111110100000 00000000001001110 00000000000000001 00000000000101000 00000000001101001 11111111111100110
11111111110010110 11111111111000000 00000000001100001 11111111111110011 11111111110100010 11111111111010110 11111111111011000 11111111111010100 00000000001100011 00000000000111100 11111111110100111 00000000001000111 11111111111010100 11111111111010010 00000000001010011 00000000000000110
11111111110101011 11111111110111010 00000000001011001 11111111111111000 11111111110101110 11111111111010101 11111111110101110 11111111111000110 00000000001100001 00000000000111010 11111111110100111 00000000001000010 11111111111100011 11111111111011000 00000000000110110 11111111110111110
11111111111000001 11111111110111101 00000000000101011 00000000000000101 11111111111010011 00000000000010111 11111111111000111 11111111111101000 00000000001000010 00000000000100111 11111111110111110 00000000001001100 00000000000011111 00000000000011101 11111111111101011 11111111110111010
11111111110000010 11111111110010100 00000000000110000 11111111111101111 11111111110110000 11111111111100110 11111111110101111 11111111110100000 00000000001011111 00000000000101100 11111111110011110 00000000001011010 00000000000001110 11111111111110100 11111111111111010 11111111110111000
11111111101111101 11111111110101111 00000000001010001 11111111111110010 11111111110111010 00000000000100011 11111111111010000 11111111110101011 00000000001011110 00000000000001010 11111111110100100 00000000001101110 00000000000111100 00000000000110001 00000000000101100 11111111110110101
11111111111000110 11111111110111100 00000000000111011 11111111111111011 11111111111001110 00000000000011001 11111111111010100 11111111111110000 00000000001000001 00000000000011111 11111111110111001 00000000001010110 00000000000101000 00000000000001010 00000000000001000 11111111110011011
11111111111010000 11111111111010001 00000000000110000 00000000000001001 11111111111001100 00000000000000011 11111111111000110 11111111111011100 00000000001000010 00000000000101111 11111111110111101 00000000001010110 00000000000100010 00000000000001001 11111111111111110 11111111110110001
11111111111000011 11111111111010111 00000000000100000 00000000000001010 11111111111001101 00000000000000111 11111111111010001 11111111111111110 00000000000111100 00000000000110011 11111111111001111 00000000001010000 00000000000001101 00000000000001000 11111111111111100 11111111111000101
11111111110010011 11111111110100010 00000000001000000 11111111111111100 11111111110011101 11111111110111000 11111111111010000 11111111110111111 00000000001011100 00000000001000100 11111111110100011 00000000001010001 11111111111000111 11111111111001000 00000000000100100 11111111111010111
11111111111100001 11111111111001101 00000000000111001 00000000000011111 11111111111010100 00000000000000101 11111111111010001 11111111111111101 00000000000110100 00000000000010101 11111111111010111 00000000001011101 11111111111111111 00000000000001101 00000000000101001 11111111111100001
00000000000010000 11111111111010111 00000000000011000 11111111111010111 11111111111000100 11111111111010111 11111111110110011 00000000001010010 00000000000001000 00000000000111101 11111111111011101 00000000000001000 11111111111110001 11111111110110100 11111111111110001 11111111110011000
00000000000000101 11111111111000000 11111111111111001 11111111110110110 11111111110110001 11111111110111011 11111111110111001 00000000001001000 11111111111110011 00000000001000011 11111111110110100 00000000000010010 11111111111101110 11111111110111100 11111111111001000 11111111110000101
11111111111110010 11111111111000111 00000000000101000 11111111111110100 11111111110111101 11111111111111001 11111111110111011 00000000000101001 00000000000100011 00000000000100011 11111111110110011 00000000000110110 11111111111111101 11111111111111001 11111111111101100 11111111110011010
00000000000110000 00000000000111110 00000000001011011 00000000000110101 00000000000011001 00000000000100100 00000000000011111 00000000000001001 00000000001001101 00000000000101110 00000000000100000 00000000001001100 00000000000011101 00000000001011000 00000000001010000 00000000000011111
00000000000001100 00000000000011000 00000000001011110 00000000000101100 00000000000001001 00000000000001010 11111111111111110 11111111111101101 00000000001000100 00000000000100110 00000000000001011 00000000001010110 00000000000001010 00000000001000010 00000000001001100 00000000000010001
11111111111110001 00000000000000100 00000000001100110 00000000000111100 11111111111110110 00000000000000011 11111111111101110 11111111111001000 00000000001001101 00000000001000000 00000000000000011 00000000001001101 00000000000000111 00000000000101100 00000000000111111 00000000000011111
11111111111000011 11111111111011000 00000000001011000 00000000000010001 11111111111000001 11111111110111101 11111111111010111 11111111110100100 00000000001011101 00000000001001111 11111111111110001 00000000000110011 11111111111010011 00000000000001011 00000000001000110 00000000000101101
11111111111010111 11111111111101100 00000000001100001 00000000000010011 11111111110101010 11111111110101010 11111111111001000 11111111111000001 00000000001100110 00000000001010000 11111111111010010 00000000000011101 11111111110101110 11111111111111011 00000000001010101 00000000001000010
11111111111010101 11111111111110011 00000000001001100 00000000000001001 11111111110110000 11111111111000010 11111111111011101 11111111111011000 00000000001010100 00000000001000011 11111111111100000 00000000000011111 11111111110111010 00000000000000110 00000000001000001 00000000000111111
00000000000011001 00000000000011001 00000000000010100 00000000000001001 11111111111110111 11111111111111001 00000000000011111 00000000000011010 00000000000100110 00000000000101111 00000000000001110 00000000000001001 11111111111111101 00000000000111110 00000000000100000 11111111111010100
00000000001000111 00000000000110001 11111111111110111 00000000000010011 00000000000001111 00000000000000011 00000000000100110 00000000000110000 00000000000001100 00000000000111011 00000000001000110 00000000000011000 00000000001000000 00000000001010010 00000000000111000 11111111111110010
00000000001110010 00000000000101111 11111111111111100 00000000000001100 00000000000101001 00000000000000011 11111111111101100 00000000001011001 11111111111101000 00000000000110000 00000000001100111 11111111111110010 00000000001100110 00000000001010101 00000000001001111 11111111110110000
00000000001111101 00000000000101001 00000000000100101 11111111110100101 00000000001010100 00000000000110001 11111111110110101 00000000001111001 11111111111111111 00000000000111000 00000000001111000 00000000000100010 00000000001111101 00000000001001111 00000000000010000 11111111110000111
00000000001111111 00000000001001110 00000000001010110 11111111110100100 00000000001110011 00000000001000101 11111111110101110 00000000001110111 00000000000001111 00000000001010111 00000000010001001 00000000000101100 00000000001111111 00000000001001100 11111111111101011 11111111110000101
00000000001111101 00000000001101101 00000000001111010 11111111111110011 00000000010000011 00000000001010000 11111111111100011 00000000001101110 00000000001000101 00000000001111100 00000000010100111 00000000000111011 00000000001111110 00000000001101011 00000000000011011 11111111110010111
00000000001111101 00000000010000111 00000000010011001 00000000010010111 00000000010011010 00000000001101101 00000000000000110 00000000001100111 00000000010001000 00000000010111011 00000000011010001 00000000010001110 00000000001111110 00000000001111100 00000000001111111 00000000001000101
00000000010001000 00000000010001010 00000000010110000 00000000010111010 00000000010110000 00000000010000100 00000000000011101 00000000001110100 00000000010101111 00000000011001100 00000000011000100 00000000010101010 00000000010001010 00000000010000110 00000000010010111 00000000010011010
00000000001000111 00000000001101001 00000000001100100 00000000001010100 00000000000100010 00000000000010001 11111111111010010 00000000000011110 00000000001111011 00000000001100001 00000000001001010 00000000001110110 00000000001001111 00000000001100010 00000000001011100 00000000001111111
00000000000100001 00000000001001101 00000000001110101 00000000000101100 11111111111011010 11111111111110001 11111111110111111 00000000000011000 00000000001110011 00000000001001110 00000000001000110 00000000001111010 00000000001000010 00000000001011011 00000000001110110 00000000001110110
00000000000010101 11111111111011001 00000000000100001 11111111110111001 11111111110111100 11111111111101011 11111111111111000 00000000001011100 00000000000000100 11111111111110010 11111111110110011 11111111111011110 11111111111111000 00000000000110001 11111111111110111 11111111110001011
00000000000100110 11111111111011011 00000000000010010 11111111111000100 11111111111010111 11111111111111100 11111111111100000 00000000001100100 11111111111100110 11111111111101110 11111111111100100 11111111111100101 11111111111111010 00000000000111000 11111111111101001 11111111110001011
00000000000110100 11111111111000110 11111111111000011 11111111110010111 11111111111000001 11111111111001001 11111111111011101 00000000001110110 11111111110100001 00000000000100101 11111111111101101 11111111110100001 11111111111111111 11111111111100101 11111111110100000 11111111101111111
00000000000110001 11111111110111000 11111111110010111 11111111110000110 11111111111101100 11111111110110011 11111111111110000 00000000001111101 11111111110000101 00000000000110011 11111111111011000 11111111101110011 11111111111101101 11111111110110000 11111111110011010 11111111101111111
