000001001000101 000000111001100 000010001110001 000010010001101 000001110110001 000001101011100 000001001110100 000001000010110 000001111000011 000010010000100 000010001001111 000001110011111 000010001110110 000000111001100 000010001100100 000010001100100
000001100111011 000001000000000 000010100011001 000010101011000 000010100010100 000010010111111 000001111110110 000001100100011 000010100010111 000010110011101 000010110001000 000010110101100 000011100011110 000001000000000 000010011010011 000010101101101
000010011001000 000000101001101 000010011100100 000001111111100 000001100100010 000001011001100 000000111011111 000001001001011 000010000011111 000010000010110 000001111111000 000001111001000 000001111111111 000001001111101 000010000001011 000010000100111
000001100001110 000000111011111 000001101111000 000001110011011 000001011011110 000001001000111 000000110111010 000000110001000 000001100001001 000001101011000 000001101010100 000001101101011 000001011110110 000001000011011 000001100111111 000001101011100
000000111011000 000000101111001 000001010000100 000001100010100 000001010100001 000001001010111 000000111010011 000000101001101 000001000010001 000001001110001 000001001010100 000001011010010 000001001000010 000000111000101 000001000101001 000001010000110
000000100101001 000000111001110 000001000111000 000001010111101 000001001001001 000000110101111 000000110010000 000000011001111 000000111001001 000001101110010 000001001010010 000001010100001 000000111110100 000000111001011 000001000000101 000001001110010
000000110001001 000000111111111 000001011011011 000001101001110 000001011010110 000001000100101 000000111000110 000000011111000 000001000000111 000001010101101 000001010110110 000001101010101 000001011010111 000001000000110 000000100001110 000001001001001
000000110000011 000000111000100 000001011001100 000001101011000 000001011100100 000001001110011 000001101011011 000000101111010 000000110111111 000001001001001 000001010001100 000001110000000 000001011100010 000000111101111 000000100101000 000001000000010
000000101110001 000000110101100 000001001111000 000001011110111 000001010010101 000001000111100 000001100001001 000000110010101 000000101001101 000000111010001 000001000101111 000001100100101 000001010001110 000000111111001 000000011011111 000000110001000
000000100010100 000000101010010 000000111000101 000001000100010 000000111010110 000000101011111 000000100011111 000000010000000 000000011110110 000000110011011 000000101010110 000001000100110 000000111011000 000000110100001 000000100111001 000000110011100
000000000111110 000000010110010 000000111100101 000000100001010 000000010101100 111111111001001 111111101011100 111111111101011 000000101001110 000000011010111 000000101100010 000000111010001 000000011011001 000000011011011 000000111011000 000000111000101
000001010000110 000000011100101 000000110101011 000000100001010 000000011000110 111111110101011 111111010101101 000000010001110 000000101100001 000000100000101 000000100010011 000000110111101 111111111010000 000000011011010 000001000000011 000000111111000
000000101101111 111111101100110 000000110000010 000000100011101 000000001111000 111111101010001 111111010111010 000000101011110 000000100011101 000000011100101 000000011011110 000000110011010 111111111110010 000000011111110 000000111111100 000001001010010
111111111101001 000000011101100 000000011011010 000000010000010 111111110111000 111111010110100 111111010110001 000000001100111 000000001101110 111111111110110 000000001110101 000000011101101 000000001001111 000000000110111 000000011101010 000000101010001
000000000110111 111111011000000 000000011101010 000000011011001 000000001101110 111111010011010 111111001100101 000000101111000 000000010100011 000000011011111 000000101001110 000000111000001 000000000100111 111111000101001 000000100101000 000000101011100
000000110101100 000000110011110 000000110111011 000000111111011 000000101101101 000000001001000 000000000111001 000000100000100 000000110111010 000001100001100 000000111110101 000001000100000 000000100110001 000000111101101 000001001111010 000001101101000
000000001010010 000000000101111 000000101000001 111111100010101 111111111110111 111111011010111 111111010110010 000000000010001 000000100001010 111111001100011 111111011000001 111110111110101 111111000011010 111111001001001 000000111000111 111111100101111
000000101010000 111111100110101 000000001001001 000000001010010 111111100110011 111111101100110 111111110001111 000000110100111 000000100100101 000000010001100 000000001101001 000000001011110 111111101111100 111111001100100 000000110000101 000000100100110
000001101101110 000000100000101 000000011011010 000000010110011 000000000111101 111111100010000 111111111110101 000000111101100 000000101100100 000000100001111 000000010110100 000000100101101 111111110100101 000001010011100 000000110011000 000000101011111
000001110010100 000001000000000 000000111011000 000000111000001 000000110010010 000000101011110 000000010001111 000001010110111 000001010110100 000001001010011 000000101110110 000000111100000 000001001100111 000001000000000 000001100011000 000001011110110
000000101110101 000000111101100 000000110110110 000000010001100 000000010101101 000000011111010 000000101001010 000000100010000 000000101010100 000000110000110 000000001000010 000000110010011 000001000111000 000001000000110 000000110110001 000000101110011
000000001100001 000000100111000 000001001001001 000000000100010 000000001101110 000000011110111 000001010010010 000000100110101 000000100010100 000000011001000 000000011010111 000000111000110 000000111110010 000001000000111 000000111101101 000000100110110
000001001100010 000000110110000 000000111000011 000000100001010 000000100000010 000000011101000 000000100111101 000001011101111 000000111001111 000001001001111 000000101010100 000000110111100 000000110010101 000001000000010 000001001110100 000001000111111
000000010001001 000000100000010 000001010100001 000000001101111 111111111001110 111111101101001 000000000111000 000000110011000 000000110000111 000000010101100 000000100111100 000001000110100 000000001111100 000000100000110 000000111111100 000000110001000
000000010010011 111111011001011 000001001101100 000000010011111 111111111010000 111111101100001 111111101011000 000010000111110 000000111001001 000000101011011 000000100011101 000001000011110 000000010110110 111111001000011 000001000000010 000001001110010
000000010100110 000000100101010 000000110011011 000000101100001 000000010100010 000000001001111 111111110111010 000000111011001 000000110010111 000000101100110 000000011001010 000000110100001 000000100010100 000000101010000 000000110110011 000000110001101
111111101001001 111111111001011 000000110010110 000000010010110 000000000001000 111111111010001 000000000010111 000000001000101 000000011111001 000000010000000 000000001111000 000000101110001 000000001100111 000000011010001 000000011101011 000000001011110
000000001111011 000000011101111 000000100001111 000000000001110 111111100101011 111111101001111 111111111110001 000000011000000 000000100011011 000000010001100 000000011011101 000000100100101 111111110110101 000000001110110 000000100001111 000000100001111
000000001111010 000000011111000 000000001110101 111111100110100 111111111110101 111111010010100 000000000011100 000000100010111 000000100001010 000000010001100 111111111110110 000000101001001 111111100111111 111111111011011 000000011111001 000000011101010
000000101101101 000000101001011 000000011010010 000000011111110 000000010011001 111111110110000 000000011011010 000000111000001 000000111101101 000000110010010 000000100110101 000000010100101 000000010000010 000000100011100 000001000010000 000000010011011
000000110011010 000000111001100 000000011100011 000000100100101 000000011010010 111111111101000 000000010110011 000000111111100 000000111111111 000000100111000 000000100000101 111111111100110 000000010111100 111111110111101 000000111011100 111111101110011
111111010001111 000000100110000 111111111100110 000000110010000 000000010001111 111111110001101 000000010011001 111111100001001 000000011100101 111111110011101 000000001110110 111111110101101 000000110000110 111111101101001 000000101101000 000001000100011
000000010010111 111111100101111 111111000111011 111111011101111 111111101011110 111110111011001 111110111101000 111111010001010 111110110010100 000000110101100 111111001110011 000000000011100 111111111010001 111110011001011 111111011100001 000000011001001
111110111110011 111111000111011 111111000000000 111110010011100 111111100110110 111111000101011 111110110100110 000000011011110 000000111001000 111110111111101 111111000010101 111111000000000 111110110100000 111110101111001 111110101101111 111111101011101
111110011111110 111111000011011 000001000000000 111110111010100 111110111011010 000000010011010 111111001100010 000000000101010 111111000000000 000000111100011 111111110010100 000001011000000 111110111100011 111111001111101 000001000000000 111111101001010
111111011001101 111111011110010 111111000000000 111111101000011 111111010100010 111111110111000 111111000001111 000000001001100 000001010000111 111111011101000 000000001101011 000001000110111 111111111101111 111111010111001 111110011110011 000000101000100
111111111000011 000000000111111 000001000000000 111111111000001 111111011110011 111111101101010 111111011110100 000000111101010 000001000011111 000000100100101 000000011101011 000001000010010 111111111011000 111111101010111 000001000101000 000000100110110
000000000100110 000000001100001 000001000000000 111111100100110 111111001001011 111111011100110 111110101011010 000001000100000 000001001110001 000000100110000 000000010010000 000001001101101 111111100110100 111111000100111 000001000000000 000000101001011
000000100110000 000000101110100 000001000000000 111111111010100 111111011111110 111111100011110 111111011101000 000010000110001 000001000000001 000000101101101 000000100101100 000001000101011 111111110110101 000000001100010 000000110110011 000001001111100
000000011110101 000000001111011 000001000000000 000000000001110 111111100101000 111111101011010 111111100000001 000010000101010 000001000000000 000000101111010 000000111000001 000001000110011 000000000110101 111111110101111 000000111001010 000001010011010
000000000110000 000000000110101 000001011001000 111111111010100 111111100101100 111111100110000 111111010110110 000001011110011 000001000000001 000000100010110 000001001001110 000001000111101 111111111100011 111111011011001 000000111110010 000001001011101
000000100010011 000000100000011 000001000000010 000000100110000 000000000110101 111111110101001 111111011110100 000001100100101 000001001000100 000001001011111 000001001001101 000001000001000 000000001100100 000000001001001 000001001101010 000001101000111
000000101100010 000000101000000 000001000001100 000000101001101 000000000101111 111111111110100 111111111001000 000001100110110 000001000001110 000001000111110 000001001000001 000000111110110 000000011001110 000000100010111 000001000100011 000001010010000
000000101000100 000000011111100 000001000110100 000000011110110 111111111101111 111111111011110 000000010000010 000001000101100 000000111100011 000000110110001 000000111110110 000000111110110 000000100011111 000000110101101 000000111111110 000000111111000
000001000011100 000000110000111 000000111011011 000000110011011 000000100010111 000000011010111 000000100100100 000001000101001 000001000100010 000001100100111 000000111100011 000000111111001 000001000110001 000000111110000 000001001100111 000001011000010
000000111001000 000000110111101 000000111000111 000000101110100 000000011101010 000000010100001 000000100000011 000001011001010 000001000101001 000001100110100 000000111100011 000000111100010 000000111001100 000001000011011 000001011000011 000001001111100
000001010010001 000000110100101 000001000110000 000001000111111 000000110010001 000000011100100 000000011001101 000001101100000 000001010110011 000001100010001 000001001101011 000001001001101 000001001100001 000001000011111 000001011011110 000001011001101
000000101011000 000000110110100 000000111011000 000000111111011 000000101001000 000000011000100 000000011110011 000000110000111 000000111111101 000001101000110 000001001001010 000001000001010 000001000001010 000000111011001 000000111100011 000001000100000
111111001011011 111110101111111 000000001111101 111111010000000 000001010110111 111111000111100 111111001000000 111111001100010 111111000000000 000001000000000 111101011101101 000010001010100 111101110011101 111101101110000 000000010000001 111111000011000
111110101111000 111110010011110 000001000000000 111111001000000 000001100110010 111111101000011 000000101001011 111111111010110 000001000000000 000001000000000 111100101001111 000001000000000 111101010100110 111101010110001 000001000000000 000001000010000
111111000000011 111110010001010 111111000000000 111110011101001 111110111100100 111111001000100 000001000100100 111111000100110 000001000000000 000001000000000 111101100001110 111111000000000 111110000001110 111100100000100 111111000000000 000000011010000
111111110011001 111111000010011 111111000000000 111110011001111 111110100010101 111111111010101 000000110100001 111111011100100 111111000000000 000001000000100 111110010011111 111111000111011 111111010010011 111110010010110 111110110001100 000001000010111
000000001001101 111111100010110 111111000000101 111111100010010 111111100100101 111110110000100 000000100101101 000000111001101 000001000000000 000000001001011 111111011011010 000000101011001 111111111110010 111110110010110 111111001110100 111111110000000
111110110000000 111111010100000 111111000011011 111110111101011 111111011011111 111110110101001 000000111111100 111110101011110 000001110000001 000000011111111 111111001101101 111110110111111 111111000011000 111110111001000 111111011000101 111110111000101
000000100110010 111111010110011 111110111000110 111111110011001 111110101100010 111110110110011 111111000000000 000000101010011 111111000000000 000000110110000 111110110000010 111110101111000 000000101110000 111110101110011 111111110101001 111111011100100
000000011110000 111111001100001 111110111001010 111110110101111 111111000010111 111111100011001 000001001001110 111111000101011 000001000000000 111111000000111 111110110001011 000000011000101 000000100001001 111110000111001 111111010101000 000001101001111
111111110110011 111110111110100 000001000000000 111110011011101 111111110110101 111110110111101 000000101101000 000000110010011 000000100010010 000001010010110 111110101001100 000001001100111 111111000110110 111110011001110 000001010111000 000000101001011
111111011101010 111110011100011 000001000000000 111110000110100 111111000000101 111110101011100 111110111100001 111111111000110 000001000000000 111111000010101 111110101011001 000001000000000 111110101010100 111110011100111 000001000000000 111111011000100
111111011100000 111110111111101 111111000000000 111110000101011 111111000000000 111111101010011 111110011010001 111111110100110 111111000000000 000001100011001 111110101101100 000001000000000 111110100110001 111110001000111 111111000000000 111110110011000
111111111010111 111111011110110 111111000000000 111110011101100 111111000000000 111111011001100 111110100101000 000000101000001 000001000000000 111110111111100 111110111101011 000001000000000 111110110001110 111110100010011 111111000000000 111111100000111
111111111001101 111111010011000 000001000000000 111110010011111 111111000000000 111110010110101 111110010000110 000000001100111 111111000000000 000001010100110 111110111101010 000001000000000 111110101110111 111110100111000 000001000000000 111111011010100
000000001001101 111111100001110 000001000000000 111110001011011 111111010111100 111110010110111 111110011101001 000000101010001 111111000000000 111110111111010 111111010100001 000001000000000 111110110110001 111110111011100 000001000000000 000000000011010
000000000001000 111111101100010 000001000000000 111110010101000 111111000111001 111110000001001 111101100000011 000000101000111 000001000000000 111110111010000 111111010101011 000001000000000 111110010110000 111110011110111 000001000000000 000000001000001
000000001110101 111111110011100 000001000000000 111101011001111 111110111111100 111110000111110 111110000110001 000000101001000 111111000000000 111110111111110 111111001010011 000001000000000 111110001101010 111110100010000 000000110011011 000000010001010
111110010011010 111110011101001 000001000000000 111111110011110 111111011000000 111111011111011 111111001110000 111111001011100 000001000000000 000000100110011 000000001011000 111110111001000 000000000110101 111111101001011 000000111000110 000000000011010
111110011011111 111110100010110 111111000000000 111111101111110 111111011010111 111111111001101 111111101111010 111111011100100 000001100000011 111111001110111 111111011010010 000000110101111 000000001001101 000000011001111 111111000000000 111111010011000
111110101001100 111111011001101 000001000000000 111111110001010 111111010100100 000000001111001 000000001101110 111111001100000 111110110010101 111111010000100 111111010100001 111111001011010 000000000011110 000000011010111 000001100111100 111111011100011
111111000100000 111111001101111 111110111001001 111111011110101 000000100111010 000000011000110 111111101110111 111111011110000 000001001001110 000000100010000 000000001010011 000000101010111 111111110111101 111111011001001 111111000001010 000000011001000
111110111100001 111111010100010 111110110111001 111111100100101 000000001101111 000000001101101 111111111000110 111111101001110 111110101100100 111111010000101 000000011110010 000000011010000 111111101100101 111111011110010 111110111110110 111111001010000
111111001110000 111111100011110 111111001000110 111111111011110 000000010110011 111111110101110 111111110001010 111111110110011 000001000010001 000000001000101 111111011000100 111111011010111 000000001111010 111111111110100 111111000111010 111111110010100
111110100001001 111111000101100 000001010111000 111111011101001 111111011101010 000000010001100 000000010101111 111111011001101 111110110110010 111111001011111 000000100001010 111111000101111 000000001001111 111111110111001 000000111001011 111111111110101
111110001101000 111111001101101 000001010101110 111111110101110 111111100101011 000000010000100 000000000110001 111111000111000 000001001011001 111111111001100 111111010110110 000000111010010 000000100010001 000000010010100 000000111010010 111111010010111
111111010011011 111111100000000 111111000000000 000000001100010 111111101011010 111111110011110 000000001111010 000000111001111 111110111100000 000000001111011 111111101000101 111111011111101 000000011111010 111111110100101 111111000000100 111111001011011
111111001011110 111111110010111 000000010011001 111111111110000 000000011011000 000000010110011 000000001011111 000000101110100 000001000011001 000000010111111 111111011101101 000000110010110 000000001000101 111111110011101 111111111011101 000000010101010
111111010100111 111111110100100 000000000101110 000000001010010 000000100000010 111111101110101 111111110010110 111111001011001 000000110000110 111111100010010 000000011111111 111111100010010 000000000011100 000000001001011 111111111001111 111111011100001
111110111010101 111111000110110 000001010011111 111111101110100 000000101010111 111111010100001 111111100110111 111111001010011 000001010000110 000000101100111 111111111111011 111111000101000 111111100110001 111111010001110 000000111000001 000000011010111
111111011101111 111111110011011 000000010100011 000000000001100 000000101100011 000000000011100 111111101100000 000000110111000 000000010100010 111111101011010 000000011110011 000000101001101 000000000110111 000000011001010 000000001101000 000000011101100
111111011001110 111111110111101 111111010001100 111111100111100 111111100001110 000000011111110 000000000010010 000001000111110 000000001001101 000000011010100 111111110110111 111111100011101 000000000110111 111111010011110 111111011011110 111111000001000
111111001000110 111111100011111 111111000101011 111111010111010 000000001101011 111111010001110 111111001001100 000001010110111 000001001001001 000000100001100 000000001011111 111111011000111 111111001011010 111111010010101 111111000110100 111110111111010
111111001111000 111111111010110 111111001000001 111111110011010 000000011100111 000000011001100 000000010001010 111111000011010 111110111101111 000000000101101 000000100010101 000000100001011 111111100100000 000000000111000 111111001010000 111111000110100
000000100101001 000000011101100 000000101011001 000000011000110 000000010111111 000000001001010 000000001100100 000000001000110 000000100101011 000000011000000 000000100001100 000000100010001 000000100001110 000000101011110 000000100101000 000000010110111
000000001101100 000000001101111 000000101111101 000000010011111 000000010000011 111111111110010 111111110100101 111111111011010 000000100000010 000000010010011 000000010110110 000000101000011 000000010101001 000000011010000 000000100101010 000000000111011
111111101101110 111111111110101 111111000110100 000000001101000 000000001100100 000000000110010 111111110000100 111111100000010 000000100100111 000000011010101 000000010111101 000000101000011 000000001001100 000000001011101 111111010000001 000000001010011
111111001101011 111111011001101 000000111010100 111111111001100 111111100010100 111111100000111 111111011001011 111111001100010 000000111100011 000000101100111 000000000001010 000000100011100 111111100011010 111111101100101 000000011110110 000000010110101
111111001000001 000000000101100 000001010010000 111111111001111 111111011100111 111111010101000 111111010010110 111111010111111 111110111101011 000000101101100 111111110110111 111111000100110 111110101110110 111111111111011 000000111011010 000000100011101
111111100111011 111111111100000 000000101000001 111111110110010 111111010011010 111111011110000 111111011111001 111111100111001 111111000110010 000000011101101 111111111110111 000000011110001 111111011100110 111111110100101 000000011000110 000000100001010
000000000101010 000000000110011 000000001110100 111111111011010 000000000011100 111111101001000 000000001001000 000000000011111 000000011110100 000000010001001 000000001000100 111111111001000 111111111111110 000000010111011 000000010110111 000000000000011
000000100000010 000000010010001 111111111101111 000000000000100 000000001000010 111111111010110 000000010010111 000000001111010 000000001101101 000000011001000 000000100001001 000000000001000 000000011010100 000000100010010 000000110110100 000000001010101
000001000001001 000000010100010 000000000010111 000000100011110 000000001000001 111111111011101 000000001000001 111111001110111 000000000100101 111111111101110 000000110000010 111111111111011 111110111100101 000000100111110 000000101101000 000001000010101
000001000000000 000000011001010 000000010010101 111111001010100 000000101001100 000000010110010 111111110010000 000001000000000 000000100001101 000000011101010 000000111011010 000000011001010 000001000000000 000000100011010 000000001000000 111111000000000
000001000000000 000000100101000 000000101010111 111111001000001 000000111001111 000000100001010 111111101111010 000001010110010 000000001111111 000000101111011 000001000101111 000000011110011 000001000000000 000000100000000 111111110101101 111111000000000
000001000000000 000000111000010 000000111101001 000000001110111 000001000010110 000000100111101 000000000001001 000001000100100 000000101011000 000001010011111 000001011000101 000000100110000 000001000000000 000000110011011 000000001101011 111110110100001
000001000010011 000001000100001 000001001110001 000001110000100 000001001110001 000000110110111 000000000110000 000000111000001 000001001101110 000001101011000 000001110100000 000001001111110 000001000001011 000000111110001 000000111111011 000001000011101
000001000101011 000001001011001 000001011101111 000001100001010 000001100100101 000001000011010 000000100001100 000001000000110 000001011111111 000001110001010 000001101010000 000001011101100 000001001001110 000001000011010 000001001111010 000010000011010
000000100011101 000000110101100 000000110011010 000000101001101 000000011100000 000000000110010 111111100010101 000000100010100 000000111101001 000001001000000 000000111011101 000000111011110 000000101000011 000000101110011 000000101101110 000001000001100
000000010001001 000000100010011 000001000101011 000000010101001 111111111110001 111111100011011 111111011011011 000000010010000 000000111010100 000000110100100 000001000010000 000001000100001 000000100011111 000000101001101 000000111101001 000000111011001
111111011110010 111111110101011 000000100110000 111111101001010 111111011001000 111111101110110 000000001110110 111110110001001 000000110011001 000000000010101 111111010100001 111111010001100 000000001110111 000000100010111 000000010000101 111111000011111
000000011101011 000000011010000 000000010000101 111111110000000 000000011100000 111111100011001 000000001101111 111110101001110 000000100001010 111111111101101 000000001010101 111111011111000 111111011011101 111111101001010 111111110111011 111110111111110
111111000100010 111111101111101 111111100000011 000000110101010 000000001111011 111111101001111 000000101110100 000001000000000 000000101111111 000000011001101 111111110001101 111111000111001 000000110110111 111111011100110 111111001100010 000001000000000
000001011011000 111111101110001 111111001101111 000001001111111 000000010101101 000000100010011 111110111100001 000001000000000 111110111111010 000000101101001 111111011001011 111110101101111 111111000100111 111111000011110 111110110100001 000001000000000
