00000000010001110111 00000000010001110001 00000000011110000000 00000000100100011010 00000000011010100001 00000000011010011010 00000000010010111100 00000000010000001011 00000000011101101101 00000000100010011011 00000000011111010101 00000000011011111000 00000000100010000001 00000000010000101111 00000000011100010001 00000000100010110001
00000000010110010010 00000000010001100000 00000000100111111010 00000000101010110000 00000000100010111001 00000000100101101111 00000000011110101111 00000000010111101000 00000000101000101110 00000000101100111010 00000000100110101000 00000000101000000000 00000000101010000101 00000000010001000001 00000000100110010011 00000000101011011001
00000000011101100101 00000000010001101011 00000000011110111100 00000000011111111000 00000000010111110011 00000000010101111010 00000000001110110000 00000000010011011011 00000000100000001100 00000000011111000100 00000000011100100010 00000000011100010000 00000000011000001110 00000000001111010011 00000000011111010110 00000000100001001110
00000000010101000100 00000000010000010110 00000000011000100011 00000000011100110110 00000000010101111010 00000000010001111001 00000000001101011110 00000000001110001001 00000000010111110010 00000000011000100100 00000000011000100001 00000000011001110000 00000000010011101110 00000000001110110011 00000000010110100001 00000000011001001011
00000000001110000011 00000000001110000110 00000000010011011111 00000000011000100001 00000000010100010011 00000000001111110011 00000000001101110011 00000000001100000011 00000000010000010111 00000000010001010100 00000000010010000100 00000000010101101001 00000000001111011100 00000000001100110001 00000000010000110001 00000000010010101010
00000000001010010101 00000000001110001100 00000000010001100000 00000000010101101001 00000000010001111011 00000000001011011011 00000000001001110110 00000000001000000010 00000000001110001100 00000000010000001110 00000000010001110010 00000000010100100010 00000000001110100001 00000000001101011010 00000000001111100100 00000000010001111101
00000000001100101001 00000000001111101001 00000000010100111110 00000000011001111100 00000000010101100010 00000000010000111101 00000000001101001001 00000000001001010000 00000000001111110101 00000000010011010100 00000000010100110101 00000000011001001011 00000000010100101111 00000000001111101101 00000000001001111100 00000000010000010001
00000000001100100110 00000000001110111001 00000000010011111111 00000000011010001110 00000000010110000110 00000000010011001100 00000000010000111111 00000000001011101001 00000000001101101001 00000000010000011100 00000000010011011111 00000000011010000000 00000000010101100100 00000000010000100000 00000000001001100010 00000000001101111111
00000000001100000111 00000000001110001111 00000000010010010000 00000000010111001010 00000000010011111111 00000000010001100011 00000000010000100001 00000000001011100111 00000000001010010100 00000000001100100100 00000000010001000001 00000000010111100111 00000000010011001010 00000000010000110111 00000000000111011001 00000000001010011010
00000000001001000011 00000000001011101100 00000000001110010010 00000000010001000000 00000000001110110001 00000000001001110000 00000000000110110000 00000000000101011010 00000000001001001000 00000000000111101110 00000000001001100101 00000000010001001011 00000000001100010010 00000000001100001110 00000000001010101001 00000000001100000001
00000000000011100111 00000000000111010111 00000000001101100001 00000000001000011110 00000000000101011000 00000000000000110011 11111111111111100011 11111111111110001011 00000000001010110000 00000000000110100000 00000000000100111010 00000000001101111010 00000000000101101010 00000000000111000011 00000000001101110011 00000000001101110101
00000000001001110000 00000000001000101100 00000000001100111111 00000000001000011110 00000000000111110100 00000000000000000101 11111111111110101110 00000000000010111110 00000000001011100000 00000000000111001010 00000000000100100100 00000000001101010011 00000000000010011000 00000000000110101111 00000000010000000110 00000000001111001011
00000000001010001111 00000000001001110101 00000000001100001101 00000000001001001010 00000000000100100100 11111111111110010011 11111111111101110000 00000000000100101000 00000000001010100001 00000000000100111011 00000000000101011000 00000000001100010110 00000000000000000100 00000000000110011101 00000000001111011111 00000000001100100001
00000000001010010100 00000000000100111011 00000000001000011000 00000000000110011101 11111111111101100100 11111111111010010001 11111111111100111011 00000000000110010111 00000000000100010000 00000000000100001010 00000000000011111000 00000000001000010111 00000000000010010001 00000000000001011101 00000000001000001110 00000000000000010001
00000000001011010110 00000000001001000100 00000000001001000011 00000000000111001100 11111111111111000110 11111111111001110101 11111111111001001101 00000000000010100011 00000000000101101100 00000000000100010101 00000000000111011110 00000000001101100001 00000000000011011110 00000000001000110011 00000000001001111001 00000000001001011110
00000000001101010001 00000000001101100000 00000000001101111100 00000000001111101101 00000000001011111110 00000000000010111100 11111111111111001110 00000000001000010110 00000000001101010111 00000000001100001000 00000000001111011111 00000000010000111111 00000000001011001111 00000000001101011100 00000000010001100010 00000000001111100110
00000000000100010101 00000000000011110111 00000000000010101110 11111111111100000100 11111111110111000010 11111111110101111101 00000000000010001000 00000000001001001111 00000000001001100001 00000000000110000000 11111111110110001011 11111111111110101000 11111111110101101110 11111111111011011110 00000000000111110111 00000000000110001001
00000000001010101100 00000000001010010111 00000000000100011010 00000000000011010010 00000000000001111110 11111111111110100011 00000000000000101011 00000000001110110011 00000000001010100101 00000000000001010101 00000000000010110101 00000000000011111110 11111111111110101010 00000000001001001100 00000000001011011010 00000000001000011001
00000000010001001101 00000000001101100110 00000000001000101111 00000000000101100110 00000000000011010010 11111111111111100101 11111111111111101010 00000000001110101000 00000000001011110100 00000000000010011100 00000000000010011111 00000000001001001001 00000000000001000000 00000000001101111010 00000000001100110000 00000000001010111010
00000000011011011001 00000000010000110011 00000000001110111111 00000000001110000011 00000000001100110100 00000000001010111110 00000000000110111001 00000000010101011111 00000000010100001010 00000000010000100110 00000000001100111001 00000000001111000101 00000000010010001100 00000000001111111111 00000000010101110101 00000000010111101100
00000000001011011101 00000000001101110101 00000000001100100101 00000000000100011100 00000000000111001000 00000000001000001101 00000000001001100010 00000000001000100011 00000000001011001110 00000000000101011101 11111111111111010111 00000000001100011101 00000000010000111000 00000000010000101001 00000000001101101001 00000000001011001111
00000000000011000101 00000000001010101011 00000000001101001111 00000000000001000100 00000000000100100011 00000000000111101001 00000000001010100011 00000000000111000111 00000000001001001000 00000000000010000000 00000000000001101001 00000000001101100110 00000000001110110011 00000000010000110000 00000000001110110110 00000000001001110001
00000000010010011100 00000000001110010000 00000000001101000111 00000000001000010100 00000000001010000111 00000000000111100010 00000000001010000000 00000000010011110011 00000000001110101110 00000000001000110001 00000000000101111100 00000000001101100100 00000000001011111100 00000000001111101010 00000000010011110000 00000000010001110111
00000000000100001000 00000000001001100011 00000000001110010100 00000000000011100000 11111111111100101110 11111111111111000011 00000000000010100101 00000000001010111011 00000000001011110110 00000000000101110000 00000000000010101000 00000000001101011010 00000000000011100010 00000000001000011110 00000000010000010101 00000000001100011100
00000000000100101010 00000000001010100100 00000000001110010001 00000000000100111111 11111111111100110000 11111111111101111001 11111111111011111100 00000000010010010100 00000000001110000110 00000000000110011010 00000000000100000110 00000000001110000101 00000000000101011001 00000000001011000001 00000000010001101111 00000000010011011010
00000000000101011011 00000000001010110111 00000000001100000110 00000000001011001011 00000000000110110010 00000000000100001000 00000000000001001001 00000000001100010110 00000000001101000110 00000000001001001001 00000000000010111111 00000000001100101101 00000000001000001001 00000000001001101111 00000000001111000001 00000000001101011011
11111111111110000001 00000000000100101000 00000000001011000100 00000000000101001011 00000000000000011000 00000000000000111110 00000000000010110001 00000000000001010111 00000000000111111001 00000000000101100000 00000000000000110010 00000000001010100010 00000000000010110000 00000000000110101000 00000000001001011010 00000000000101101011
00000000000101110011 00000000000101111001 00000000001000110000 00000000000001010100 11111111111100100011 11111111111101101110 00000000000010000001 00000000001001000011 00000000001001010000 00000000000101110101 00000000000010000101 00000000001000100001 00000000000000010100 00000000000011111110 00000000001010001100 00000000001000100101
00000000000110101110 00000000000101100111 00000000000100111100 11111111111111110101 11111111110111110101 11111111110111101111 00000000000000111110 00000000001000110010 00000000001010101101 00000000000110011101 00000000000000100011 00000000001001001010 11111111111011111011 11111111111111011101 00000000001000001010 00000000000111010011
00000000001100110110 00000000001011100100 00000000000110010001 00000000000111111000 00000000000110011010 00000000000000011011 00000000001000010010 00000000010000111111 00000000001010100001 00000000001010100010 00000000001011100000 00000000000110110111 00000000000101111011 00000000001001001010 00000000001111001110 00000000000010101010
00000000001110010011 00000000001101111110 00000000000110101010 00000000001010001111 00000000000111110100 00000000000001001011 00000000000111011111 00000000010001101000 00000000001000101100 00000000001010110111 00000000001010001010 11111111111111101111 00000000000111000000 00000000000000010100 00000000001110001000 11111111111011101100
00000000001011101011 00000000001000001001 11111111111110100010 00000000001000100010 00000000000101110010 11111111111101100010 00000000000110101101 00000000001110101100 00000000000011010000 00000000001001011011 00000000000110111001 11111111111101011011 00000000000111100111 11111111111101010011 00000000001001110111 11111111111001011001
00000000000100010000 11111111111011100010 11111111111101100000 11111111111011111111 11111111110100100000 11111111110001111011 11111111111001110001 00000000000111000111 00000000000011001101 00000000001000001010 11111111111010011000 00000000000001111010 11111111111101100001 11111111110000001011 11111111111100111001 11111111111001010110
11111111110110110110 11111111110011010111 00000000000110110010 11111111110001101101 11111111101110100101 11111111101110111111 11111111111001111010 11111111111011001100 00000000001101110101 00000000001001010000 11111111110000100110 00000000001001010100 11111111110100010001 11111111110000011110 00000000000011110000 11111111111011001111
11111111110011000110 11111111110010001100 00000000001011001000 11111111110001000000 11111111101110110110 11111111110000110011 11111111110110100000 11111111110110001100 00000000001110111100 00000000001000101101 11111111110100001000 00000000001100111111 11111111110110110000 11111111110111110001 00000000001000110001 11111111111100110111
11111111110111101100 11111111111011001111 00000000001110101110 11111111111010111101 11111111110101001010 11111111111001101101 11111111110111100100 11111111111111001010 00000000001101111110 00000000000100110011 11111111111101110010 00000000001101111001 11111111111111110001 00000000000001001101 00000000001101100011 00000000000101000101
11111111111110011110 00000000000000010111 00000000001110110111 11111111111110011100 11111111110110100010 11111111111100100001 11111111111001001111 00000000001000001110 00000000001110001101 00000000000111100001 00000000000001001111 00000000001101001000 11111111111110101000 11111111111010111100 00000000001111100001 00000000001010000011
00000000000001001110 11111111111111100111 00000000001111000100 11111111111001110011 11111111110010101000 11111111110111110011 11111111110110101000 00000000001000101101 00000000001110111011 00000000000111000010 11111111111101111110 00000000001100100000 11111111111001101001 11111111111010011010 00000000001111110110 00000000001010101011
00000000001001010011 00000000000100100100 00000000001111001000 11111111111110101001 11111111110110010000 11111111111010100100 11111111111000100010 00000000010011001100 00000000001111101010 00000000001000001101 00000000000010001110 00000000001100111011 11111111111101100101 00000000000001010010 00000000010000110010 00000000010011101100
00000000000111100111 00000000000100101101 00000000001111001000 00000000000000011101 11111111110111011111 11111111111100111111 11111111111001001110 00000000010001111100 00000000001111111110 00000000001010100110 00000000000101101111 00000000001101111011 00000000000001100110 00000000000000000011 00000000010000100010 00000000010100100101
00000000000001101111 00000000000010001001 00000000001110110101 11111111111111000001 11111111110111100100 11111111111011100101 11111111110111100010 00000000001011011101 00000000001111010101 00000000001010010100 00000000000111011100 00000000001110010010 11111111111111000101 11111111111010010111 00000000010000010111 00000000010010101101
00000000001000011101 00000000001001001111 00000000001111000100 00000000001001100001 00000000000000000001 11111111111111010111 11111111111000110010 00000000010110011111 00000000010010010111 00000000001110100111 00000000001010111100 00000000001111001010 00000000000010111000 00000000000010110000 00000000010100011100 00000000011001110100
00000000001010110010 00000000001011101010 00000000001111000011 00000000001010100001 11111111111111001010 00000000000001111100 11111111111111000001 00000000001111110010 00000000010000100010 00000000001100111010 00000000001001111111 00000000001111001110 00000000000110000000 00000000000111001001 00000000010001101100 00000000010100000111
00000000001001101101 00000000001001101111 00000000001110101110 00000000000111111011 11111111111101000110 00000000000001100000 00000000000100100011 00000000001010110110 00000000001110111100 00000000001000101001 00000000000111110010 00000000001111010010 00000000001000001111 00000000001011110011 00000000001111111001 00000000001111100111
00000000001101011000 00000000001101010110 00000000001110111011 00000000001100111001 00000000001001010101 00000000000110101100 00000000001001000011 00000000001111100110 00000000010001000001 00000000001101111011 00000000001101000111 00000000001111110001 00000000001100011000 00000000001110010001 00000000010010011100 00000000010001001001
00000000001100110110 00000000001110010110 00000000001101111000 00000000001011101111 00000000000111111101 00000000000101011101 00000000000110011010 00000000010010001001 00000000010001010000 00000000001101110110 00000000001101001010 00000000001111000001 00000000001011111000 00000000001110010001 00000000010101000110 00000000010011010111
00000000010001111111 00000000001111101010 00000000010001010001 00000000010001111010 00000000001100101001 00000000000111011101 00000000000101110101 00000000010101110111 00000000010100010001 00000000010101110011 00000000010011010101 00000000010010011101 00000000010000000000 00000000001110110101 00000000010100001000 00000000010101101101
00000000001010101100 00000000001101101101 00000000001110101000 00000000001111110111 00000000001011001100 00000000000110100111 00000000000111101001 00000000001000110100 00000000001111111011 00000000001111011001 00000000001101000011 00000000010000011001 00000000001111011001 00000000001101111101 00000000001111001011 00000000010000110010
11111111110100001111 11111111101100111011 00000000001101011100 11111111110011110111 11111111101101000001 11111111101100100101 11111111110100111010 11111111111110101001 00000000010000000000 00000000001100101110 11111111100001010010 00000000000110100011 11111111100011010001 11111111011111000000 00000000001010111111 11111111111110101100
11111111101110001011 11111111100110010000 11111111111100111000 11111111110001100010 11111111101011010110 11111111101100011011 00000000000010111101 11111111110111110100 00000000010000000000 00000000001101110010 11111111011010011100 00000000000110101011 11111111011011001110 11111111011000111010 11111111111001101010 00000000000011010101
11111111110001100100 11111111100110100010 11111111110110101110 11111111101011010010 11111111101010000110 11111111101010110101 00000000000110001000 11111111110110100010 00000000010000000000 00000000001101000111 11111111011111110110 00000000001010011110 11111111100010010000 11111111011101100000 11111111110100110011 00000000000000100001
00000000000000000101 11111111110011100010 11111111110111011001 11111111110011000110 11111111101000100010 11111111101100010111 00000000000110000000 00000000000011011100 00000000001000010011 00000000000111111100 11111111101101101110 00000000000101010001 11111111110100011011 11111111101101001010 11111111110110010100 11111111111010100100
00000000000110110000 11111111111001011001 11111111110011101100 11111111111000100010 11111111101101011111 11111111110011101001 00000000001000011111 00000000001001011110 11111111110101101010 00000000000100010000 11111111111000101110 11111111111101011000 11111111111110000010 11111111110011101011 11111111110100110111 11111111110100010110
00000000001001111101 11111111111000001011 11111111110001011001 11111111110010100010 11111111101111001100 11111111110011111101 00000000001010000101 00000000001100110001 11111111110001011101 00000000000100111111 11111111111000010000 11111111111000011000 00000000000100101000 11111111110100001000 11111111110101000000 11111111110000010110
00000000001010111001 11111111111001001101 11111111101110011101 11111111111000000101 11111111101100110010 11111111101101100011 00000000001010001000 00000000001100000011 11111111110001001000 00000000000111001110 11111111110100100010 11111111110010110101 00000000000101111011 11111111110001000100 11111111111001111100 11111111110010011010
00000000001001101101 11111111110111100010 11111111101111000100 11111111111001011111 11111111101011000001 11111111101011111001 00000000001000000110 00000000001010100110 11111111110010111010 00000000001000100001 11111111110011100101 11111111111011001000 00000000000011100000 11111111101011011110 11111111110101100001 11111111110100000100
00000000000000100101 11111111110010111101 11111111111011100011 11111111101110110001 11111111101010110010 11111111101100111001 00000000000100101000 00000000000010001110 00000000001100011000 00000000001001000001 11111111101011111100 00000000000110101011 11111111110011010111 11111111101110110110 11111111111000111111 11111111110110001010
11111111110111010001 11111111110000110110 00000000001110100000 11111111100100111100 11111111101101101000 11111111101011111110 11111111110100010001 11111111111010110111 00000000001111101001 00000000001010101100 11111111101100001110 00000000001101011011 11111111101011001000 11111111101110111011 00000000001101100001 11111111111010001000
11111111110110111001 11111111110100000100 00000000010000000000 11111111100010111110 11111111101111000100 11111111101010101101 11111111101001110000 11111111111100001110 00000000010000000000 00000000001010101110 11111111101101000001 00000000001110100110 11111111101001101001 11111111101011011101 00000000010000000000 11111111111000011010
11111111111110101100 11111111111011011000 00000000010000000000 11111111101000011111 11111111101111010110 11111111101010111111 11111111101011010001 00000000000001111000 00000000001111110101 00000000001001000010 11111111101111100100 00000000001110010001 11111111101100011101 11111111110001101101 00000000010000000000 11111111111010000110
11111111111110011010 11111111111011011100 00000000010000000000 11111111100101111000 11111111101111000110 11111111100110110100 11111111100110010111 00000000000001111101 00000000010000000000 00000000001001001101 11111111101111100100 00000000001111001001 11111111101011101110 11111111110101000001 00000000010000000000 11111111111000011101
00000000000010011011 11111111111101111001 00000000010000000000 11111111100011010101 11111111101110111000 11111111100101101001 11111111101001100110 00000000001001011110 00000000010000000000 00000000001001000101 11111111110100101101 00000000001111010010 11111111101101100011 11111111111000100010 00000000010000000000 00000000000001101111
11111111111111101101 11111111111110010101 00000000010000000000 11111111100111110110 11111111101101011000 11111111100011000110 11111111101001110010 00000000001000110011 00000000010000000000 00000000001011001111 11111111110101000011 00000000001110011010 11111111100110000010 11111111110000001101 00000000001111111111 00000000000101010010
00000000000010110011 00000000000000011010 00000000001111010110 11111111101010101010 11111111101101011001 11111111100101000111 11111111101101010010 00000000001000001011 00000000001111110001 00000000001001101011 11111111110010011010 00000000001101100000 11111111100100011100 11111111110001100000 00000000001110001100 00000000000101110111
11111111100111100010 11111111110000011111 00000000001110111001 11111111111101010000 11111111110101111111 11111111111010101110 11111111110111001001 11111111101111011011 00000000001110010101 00000000001000101000 11111111111000101010 00000000001101010101 00000000000001101000 11111111111110111000 00000000001101010010 00000000000001101110
11111111101001100001 11111111110010011111 00000000001110011100 11111111111101101101 11111111110110100111 11111111111110000111 11111111111100010100 11111111110110000011 00000000001101111100 00000000000111001011 11111111110110001000 00000000001010101010 00000000000010010011 00000000000011000000 00000000001100101010 11111111111011100111
11111111101100011000 11111111110101111000 00000000001110011110 11111111111100110011 11111111110101011010 11111111111111110000 00000000000000010000 11111111111000110001 00000000001101110100 00000000000100011111 11111111110100100011 00000000001001000101 00000000000000101010 00000000000101111000 00000000001110000101 11111111111110100111
11111111110010111100 11111111111000100100 00000000001011110110 11111111111101110010 11111111110101011100 11111111111100100001 11111111111011111011 11111111111100000001 00000000001101000010 00000000000110111100 11111111110110000100 00000000000111111101 11111111111011001010 11111111111010110111 00000000001010010111 00000000000010100101
11111111110101000101 11111111110111110000 00000000001011011000 11111111111110100001 11111111110110100000 11111111111100100001 11111111110110101111 11111111111010110000 00000000001100101010 00000000000110100111 11111111110101101100 00000000001001011011 11111111111101000101 11111111111011010010 00000000000111110000 11111111111010101010
11111111110110111001 11111111111000100000 00000000000101100110 00000000000001001001 11111111111011101000 00000000000100000111 11111111111010100011 11111111111111001000 00000000001001101011 00000000000100101100 11111111111010001000 00000000001001001110 00000000000100111011 00000000000100001011 11111111111101111100 11111111111001010111
11111111101111101000 11111111110010111111 00000000000110111011 11111111111101110110 11111111110111000010 11111111111110101111 11111111110111010101 11111111110101000011 00000000001100001000 00000000000100010010 11111111110100110011 00000000001100000010 00000000000010110101 11111111111111001010 00000000000001101111 11111111111000101111
11111111101111000111 11111111110111011011 00000000001010010000 11111111111110011110 11111111111000101010 00000000000101011111 11111111111011010110 11111111110111000001 00000000001100010000 00000000000001000100 11111111110110010001 00000000001101010111 00000000001000100001 00000000000111000101 00000000000110011001 11111111110111001100
11111111110111111011 11111111111000011001 00000000000111111110 00000000000000010010 11111111111011000110 00000000000100110001 11111111111100000110 00000000000000111100 00000000001001101101 00000000000011011101 11111111111000100100 00000000001010100000 00000000000110100001 00000000000010101001 00000000000000111111 11111111110100001110
11111111111001010100 11111111111010111011 00000000000111001101 00000000000010000011 11111111111010110111 00000000000001111010 11111111111010000110 11111111111110011000 00000000001001010001 00000000000101010100 11111111111001000111 00000000001010110100 00000000000101010100 00000000000001110010 00000000000001001110 11111111111000000100
11111111110111110111 11111111111011101111 00000000000100010100 00000000000001111010 11111111111011110100 00000000000010101001 11111111111011011010 00000000000010110100 00000000001000010111 00000000000110000010 11111111111100001001 00000000001001110111 00000000000011000111 00000000000010000110 00000000000000101100 11111111111010010000
11111111110010101100 11111111110100101101 00000000001000010101 11111111111111011000 11111111110100101111 11111111111000010011 11111111111011010101 11111111111001110011 00000000001011010001 00000000000111110110 11111111110101001011 00000000001010000000 11111111111001101101 11111111111001000100 00000000000101000110 11111111111100110011
11111111111100011100 11111111111011000010 00000000000111000111 00000000000100001100 11111111111100110100 00000000000010010000 11111111111011011000 00000000000011010110 00000000000111101110 00000000000011100101 11111111111100110010 00000000001011011110 00000000000001011010 00000000000010101100 00000000000101101101 11111111111101111000
00000000000001110111 11111111111011101101 00000000000011001100 11111111111100101101 11111111111010001101 11111111111101010100 11111111110111010101 00000000001011100100 00000000000100010010 00000000000110110100 11111111111101110100 00000000000010100010 11111111111111010010 11111111110111010010 11111111111111000100 11111111110011111001
00000000000000010100 11111111111000100100 00000000000001001000 11111111111000010001 11111111110110111111 11111111111000101101 11111111111001001101 00000000001010001110 00000000000001010101 00000000000111100100 11111111110111101001 00000000000010100010 11111111111110111011 11111111111000000111 11111111111010011101 11111111110001111000
11111111111101101011 11111111111001110010 00000000000101100010 11111111111111100111 11111111111001000000 00000000000001000101 11111111111000100111 00000000000110011010 00000000000110010100 00000000000100001100 11111111111000000011 00000000000111001000 00000000000000110000 11111111111111111100 11111111111110110011 11111111110100101011
00000000000110101011 00000000001000011110 00000000001010011011 00000000000110101101 00000000000110000000 00000000000100101100 00000000000100000111 00000000000011000111 00000000001001110101 00000000000110101100 00000000000101011110 00000000001000101011 00000000000100101110 00000000001010111101 00000000001001111000 00000000000101100010
00000000000010010000 00000000000100110100 00000000001010110100 00000000000101100101 00000000000100010010 00000000000001101010 11111111111111110111 11111111111111011100 00000000001000011101 00000000000110000111 00000000000010101011 00000000001001110001 00000000000010000111 00000000000111110101 00000000001001011111 00000000000011000000
11111111111110010011 00000000000001010001 00000000001100001101 00000000000111010011 00000000000001010001 00000000000001000011 11111111111110010010 11111111111001110101 00000000001000011111 00000000000111110011 00000000000010011111 00000000001001100001 00000000000001100011 00000000000101010100 00000000000111000110 00000000000100000110
11111111111000011101 11111111111011001001 00000000001010111110 00000000000001111110 11111111111001011110 11111111111000001011 11111111111010001000 11111111110100100111 00000000001010110101 00000000001001110011 11111111111110111101 00000000000101110000 11111111111010111100 00000000000000111110 00000000001001001101 00000000000110001111
11111111111011001110 11111111111101110000 00000000001011101111 00000000000001000010 11111111110110011101 11111111110101110111 11111111111001010010 11111111111000110110 00000000001100000000 00000000001001101011 11111111111011001011 00000000000011001000 11111111110110001100 11111111111110111101 00000000001010011100 00000000001000111000
11111111111011011000 11111111111110110101 00000000001001001000 00000000000000010111 11111111111000000101 11111111111001000011 11111111111011011011 11111111111011110000 00000000001010100101 00000000000111110100 11111111111100101111 00000000000011110100 11111111110111111101 00000000000000001101 00000000001000011010 00000000001000111001
00000000000011010000 00000000000011011111 00000000000010100110 00000000000001000101 00000000000001000000 11111111111111101100 00000000000100001101 00000000000100010011 00000000000101011000 00000000000110010011 00000000000010101101 00000000000000111111 00000000000000110010 00000000000111010001 00000000000101001011 11111111111110010100
00000000001000101100 00000000000110010011 11111111111111110000 00000000000010100011 00000000000010111000 00000000000000110010 00000000000101111011 00000000000110110110 00000000000011100100 00000000000111110100 00000000001001010101 00000000000010101111 00000000001000000100 00000000001001101000 00000000001000001001 00000000000001111110
00000000001101111101 00000000000110100100 11111111111111110110 00000000000011100101 00000000000101011010 00000000000000110110 00000000000000110010 00000000001011010010 11111111111110011000 00000000000111000001 00000000001100100010 11111111111111101100 00000000001101000010 00000000001010011111 00000000001010001111 11111111111000011010
00000000001111101000 00000000000111000010 00000000000100101010 11111111110101111100 00000000001010101010 00000000000110101010 11111111111000111100 00000000001110111001 00000000000000011111 00000000001000000001 00000000001110111000 00000000000100101001 00000000001111101001 00000000001001101111 00000000000010000001 11111111110001001010
00000000001111110001 00000000001010001110 00000000001010101110 11111111110110001111 00000000001110100000 00000000001000110110 11111111110111111110 00000000001110100111 00000000000010011000 00000000001011100100 00000000010001011101 00000000000101110111 00000000001111110100 00000000001000111110 11111111111101011001 11111111110000111001
00000000001111101001 00000000001101111001 00000000001111010010 00000000000001101010 00000000010000101001 00000000001010000111 00000000000000001010 00000000001101010001 00000000001000110001 00000000010001000011 00000000010101011110 00000000000111110111 00000000001111101101 00000000001101000101 00000000000011010101 11111111110100011011
00000000001111101000 00000000010001001000 00000000010011100010 00000000010100001100 00000000010011010101 00000000001101101110 00000000000100010010 00000000001101011001 00000000010001011011 00000000011000000111 00000000011011010011 00000000010010010010 00000000001111110011 00000000001111011010 00000000001111110111 00000000001100001010
00000000010001001110 00000000010011000011 00000000010110100011 00000000010111101100 00000000010110001101 00000000010000101011 00000000000110101000 00000000001111011100 00000000010110100000 00000000011010000010 00000000011001100100 00000000010101100100 00000000010010001111 00000000010001000011 00000000010011010010 00000000010101000010
00000000001001001100 00000000001101100001 00000000001100110010 00000000001010100100 00000000000110000110 00000000000010011010 11111111111010111011 00000000000101010001 00000000001111010100 00000000001101101000 00000000001100101011 00000000001110011110 00000000001010000010 00000000001011100101 00000000001100011001 00000000010000001100
00000000000100011010 00000000001010001010 00000000001110010101 00000000000101011110 11111111111101010000 11111111111110000100 11111111111000000010 00000000000011001111 00000000001110000111 00000000001011001110 00000000001010011001 00000000001111000001 00000000001000101101 00000000001010100100 00000000001110100110 00000000001110110111
00000000000010100010 11111111111101000010 00000000000100100011 11111111111000100100 11111111111001000110 11111111111110000000 00000000000000010001 00000000001011110100 00000000000011001111 11111111111110011101 11111111110111001001 11111111111100101110 00000000000000010100 00000000000110111000 00000000000000100001 11111111110010110101
00000000000101000011 11111111111101101110 00000000000010011110 11111111111010001000 11111111111101100101 00000000000000001000 11111111111101101010 00000000001100111000 11111111111111011001 11111111111101111111 11111111111101111001 11111111111101011011 00000000000000110001 00000000000111111110 11111111111101110111 11111111110001101010
00000000000111111100 11111111111001011011 11111111111001000111 11111111110011101010 11111111111010010100 11111111111010100000 11111111111110001101 00000000001110100111 11111111110101010100 00000000000011001111 11111111111100111011 11111111110100110010 00000000000011000010 11111111111100110011 11111111110100100010 11111111101111111110
00000000001000000000 11111111110111111011 11111111110011010000 11111111110001000111 11111111111111001100 11111111110111010010 00000000000001010001 00000000001111011100 11111111110000111101 00000000000101101001 11111111111001010100 11111111101110100101 00000000000000110011 11111111110110011010 11111111110011011101 11111111101111110111
