00000100100010010 00000011100110001 00001000111000010 00001001000110100 00000111010111111 00000110101110001 00000100111010001 00000100001011000 00000111100001010 00001001000010001 00001000100110000 00000111001111011 00001000111011000 00000011100110010 00001000110001111 00001000110010000
00000110011110101 00000100000000000 00001010001100011 00001010101100000 00001010001000001 00001001011111101 00000111111011001 00000110010001011 00001010001011100 00001011001110011 00001011000001110 00001011010101111 00001110001111111 00000100000000000 00001001101001100 00001010110110010
00001001100011011 00000010100101111 00001001110010110 00000111111110000 00000110010000011 00000101100110000 00000011101111100 00000100100101100 00001000001111101 00001000001011000 00000111111011010 00000111100011010 00000111111111010 00000100111111000 00001000000101011 00001000010011100
00000110000111100 00000011110000111 00000110111100110 00000111001101101 00000101101111000 00000100100011011 00000011011100111 00000011000100001 00000110000100011 00000110101011110 00000110101001001 00000110110101111 00000101111100001 00000100001110001 00000110100000001 00000110101101111
00000011101100110 00000010111101010 00000101000010001 00000110001001111 00000101010000011 00000100101100100 00000011101001010 00000010100110100 00000100001000101 00000100111000100 00000100101001101 00000101101001010 00000100100001100 00000011100011000 00000100010101000 00000101000011000
00000010010100111 00000011100111111 00000100011100011 00000101011110011 00000100100100100 00000011010111100 00000011001000001 00000001100111110 00000011100100100 00000110111001111 00000100101000101 00000101010000110 00000011111010110 00000011100101101 00000100000010111 00000100111000111
00000011000100110 00000011111111101 00000101101101011 00000110100111000 00000101101010111 00000100010010110 00000011100011000 00000001111100010 00000100000011100 00000101010110101 00000101011010010 00000110101011000 00000101101011110 00000100000011011 00000010000111111 00000100100100100
00000011000010000 00000011100011101 00000101100110011 00000110101011110 00000101110010001 00000100111001101 00000110101110001 00000010111101010 00000011011111011 00000100100100100 00000101000101101 00000111000000011 00000101110001111 00000011110111110 00000010010100001 00000100000000111
00000010111000111 00000011010111001 00000100111100101 00000101111011011 00000101001010100 00000100011101111 00000110000101001 00000011001010110 00000010100110101 00000011101000011 00000100010111011 00000110010011000 00000101000111010 00000011111100111 00000001101111010 00000011000011111
00000010001010001 00000010101001011 00000011100010110 00000100010001001 00000011101011001 00000010101111111 00000010010000001 00000001000000011 00000001111011100 00000011001110001 00000010101010111 00000100010011001 00000011101100101 00000011010001000 00000010011100101 00000011001110000
00000000011111010 00000001011001001 00000011110010001 00000010000100111 00000001010101111 11111111100100001 11111110101110010 11111111110101111 00000010100111011 00000001101011111 00000010110000111 00000011101000111 00000001101100110 00000001101101000 00000011101011111 00000011100010011
00000101000010100 00000001110010110 00000011010101100 00000010000100111 00000001100010111 11111111010101110 11111101010110101 00000001000111011 00000010110000101 00000010001111011 00000010001010010 00000011011110110 11111111101000100 00000001101101110 00000100000001101 00000011111011111
00000010110110111 11111110110011001 00000011000000111 00000010001110101 11111110101111011 11111110101000011 11111101011101011 00000010101110111 00000010001110011 00000001110010101 00000001101111010 00000011001101010 11111111111001100 00000010000100101 00000011111110001 00000100101010110
11111111110100001 00000001110101110 00000001101100011 00000001000000101 11111111011100110 11111101011010001 11111101011001001 00000011000011101 00000000110111001 11111111111011011 00000000111010110 00000001110111011 00000000100111110 00000000011011101 00000001110101000 00000010101000010
00000000011011000 11111101100000001 00000001110101010 00000001101100110 00000000110111000 11111101001101101 11111101100010010 00000010111011111 00000001010001100 00000001110000000 00000010100111110 00000011100000110 00000000010100000 11111100010100111 00000010010100100 00000010101111100
00000011010110001 00000011001111110 00000011011101101 00000011111101110 00000010110110101 00000000100100010 00000000011100111 00000010000001111 00000011011100111 00000110000111010 00000011111010010 00000100010000000 00000010111110000 00000011110111000 00000100111101010 00000110110100001
00000000101001011 00000000011000101 00000010011111001 11111101011110110 11111101000010010 11111101101011111 11111110001001010 00000010110000011 00000011000011111 11111100110010000 11111101010111001 11111101011100100 11111100001101000 11111100100100110 00000011100011101 00000010100111110
00000010100111111 11111110011011100 00000000100101000 00000000101001000 11111110011010010 11111110110010111 11111111000111111 00000100011000110 00000010010010111 00000001000110000 00000000110100101 00000000101110111 11111110111110100 11111100110010011 00000011000010101 00000010010011110
00000110110111110 00000011111110010 00000001101101010 00000001011001011 00000010000101111 11111110000111110 11111111111001111 00000011110110111 00000010110010010 00000001101000000 00000001011010011 00000010010110110 00000001010011010 00000101001111010 00000011001100011 00000010101111100
00000111001010000 00000100000000000 00000011101011110 00000011100000110 00000011001000110 00000010101110111 00000001000111100 00000101011011100 00000101011001110 00000100101001100 00000010111010100 00000011110000010 00000100110011101 00000100000000000 00000110001100101 00000101111011000
00000010111010110 00000011110110010 00000011011010110 00000001000110000 00000001010101111 00000001111101000 00000010100100111 00000010001000101 00000010101011000 00000000111001001 00000000100001011 00000011001001110 00000100011100010 00000100000011001 00000011011001011 00000010111001110
00000000110000101 00000010011100110 00000100100101000 00000000010000111 00000000110110101 00000001111011011 00000101001010100 00000010011011001 00000010001010010 00000000011110011 00000001101011001 00000011100011101 00000011111001001 00000100000011111 00000011110110111 00000010011011010
00000100110001001 00000011011000110 00000011100001100 00000010000100111 00000010000000011 00000001110000011 00000010011110101 00000101111001100 00000011100111111 00000010001011101 00000010101001101 00000011011110001 00000011001010010 00000100000001011 00000100111010100 00000100011111011
00000001000100011 00000010000001011 00000101010000101 00000000110111100 11111111100110011 11111110110100111 00000000011011111 00000011001100001 00000011000011111 00000001010110010 00000010011101000 00000100011010011 00000000111101110 00000010000011000 00000011111110011 00000011000011111
00000001001001010 11111101100101101 00000100110110001 00000001001111110 11111111100111101 11111110110000010 11111110101011111 00000101010000100 00000011100101000 00000010100100000 00000010001101010 00000100001111010 00000001011011000 11111100100101000 00000100000001101 00000100111000111
00000001010011001 00000010010101111 00000011001101011 00000010110000011 00000001010001010 00000000100111010 11111111011100111 00000011101101011 00000011001011111 00000011001000000 00000001100100110 00000011010000110 00000010001001111 00000010101000101 00000011011010001 00000011000111001
11111110100100110 00000000110011110 00000011001011110 00000001001010111 00000001100010111 11111111101000010 00000000001011101 00000000101010010 00000001111100010 00000001000000010 00000000111100001 00000010111000100 00000000110100000 00000001101000100 00000001110110000 00000000101110100
00000000111101100 00000001110111101 00000010001000010 00000000000111010 11111110010101111 11111110100111000 11111111111000010 00000001100010001 00000010001110000 00000001000110001 00000001101111010 00000010010010011 11111111011010001 00000000111011011 00000010001000001 00000010000111100
00000000111101100 00000001111100001 00000000111010111 11111110000010001 11111111111010000 11111101001001110 11111101010001010 00000011101000101 00000010000101100 00000010001110110 00000000111101001 00000010100100010 11111110011111000 11111111101100011 00000001111101001 00000010100011000
00000010110111001 00000010100110100 00000001101001011 00000001111111101 00000001001100101 11111111011000001 00000001101101011 00000011100001000 00000011110111110 00000011001001001 00000010011010110 00000001010010100 00000001000001000 00000010001110111 00000100001000010 00000001001110011
00000011001110100 00000011100110111 00000001110001011 00000010010011100 00000001101000111 11111111110100001 00000001011010001 00000011111110110 00000100000001000 00000010011100110 00000010000010000 11111111110011010 00000001011110100 11111111011110110 00000011101101111 11111110111010110
00000010101111010 00000010101011000 11111111110011001 00000011001000010 00000001000111100 11111111000110011 00000001001101110 11111110000101011 00000001110011001 11111111001111111 00000000111100110 11111111010110011 00000011000010110 11111110110011110 00000010110011111 00000100010001011
11111101011010010 11111110011000101 00000010101000101 11111101110111100 11111110000011100 11111011101100110 11111011110100000 11111101000101101 11111011011010000 00000011010101100 11111100111010000 00000000101111011 11111011110001110 11111001100101001 00000001111010100 00000001100100000
11111011111001010 11111100011101100 11111100000000000 11111011100010100 11111110011000111 00000001000000111 11111011010010101 00000001101110000 00000100000000000 11111011111110111 11111100001010011 00000011111000110 11111011001111111 11111010111010100 11111010110111111 11111101010000011
11111001111111011 11111100001100110 00000100000000000 11111011101010000 11111011101101010 00000001001101011 11111100101110111 00000000010011111 11111100000000000 11111100000001110 11111101001011011 00000101100000111 11111011110001101 11111101011110101 00000100000000000 11111110100011110
11111101100110011 11111101111001100 11111100000000000 11111110100001110 11111101010000110 11111111011011101 11111101000100101 00000000100110111 00000101000011011 11111101110100011 00000000110101010 00000100011011101 11111111110111100 11111101011101010 11111001111001011 00000010100010111
11111111100001101 00000001001100011 00000100000000000 11111111100000100 11111101111001110 11111110110100101 11111101111010001 00000011110101100 00000100010000000 00000010010010001 00000001110101001 00000100001001110 11111111101011111 11111110101011010 00000100010100000 00000010011011010
00000000010011000 00000000101111110 00000100000000000 11111110010011010 11111100100101111 11111101110011000 11111010101100001 00000100010001111 00000100111001001 11111101111011000 00000001001000101 00000100110111100 11111110011001111 11111100010011100 00000100000000000 00000010100101011
00000010011000010 11111111111010101 00000100000000000 11111111101010010 11111101111110101 11111110001110011 11111101110011111 00001000011010111 00000100000000110 00000010110111000 00000010010101101 00000100010110011 11111111011010010 00000000110001010 00000011011010000 00000100111110000
00000001111010101 00000000111110101 00000100000000000 00000000000111010 11111110010100100 11111110101101000 11111110000000011 00001000010110010 00000100000000000 00000010111101011 00000011100000101 00000100011010010 00000000011010101 11111111011000000 00000011100101001 00000101001101010
00000000011000000 00000000011011100 00000101100011111 11111111101010010 11111110010110011 11111110010111100 11111101011011000 00000101111010110 00000100000000101 00000010001011100 00000100100110010 00000100011111010 11111111110001110 11111110010111110 00000011111001011 00000100101110101
00000010001001011 00000010000010010 00000100000000111 00000010011000010 00000000011010000 11111111010100101 11111101111010001 00000110010010101 00000100100001111 00000100101111010 00000100100101100 00000100000100100 00000000110010001 00000000100101010 00000100110101110 00000110100011101
00000010110000111 00000010100000110 00000100000110000 00000010100110110 00000000010111011 11111111111010000 11111111100011111 00000110011011101 00000100000111000 00000100011110110 00000100100000111 00000011111011100 00000001100110110 00000010001011100 00000100010001101 00000101001000001
00000010100010000 00000001111110111 00000100011010000 00000001111011010 11111111110111101 11111111101110101 00000001000001010 00000100010111000 00000011110001111 00000010101011000 00000011111010100 00000011111011010 00000010001111110 00000011010110110 00000011111111011 00000011111011111
00000100001101111 00000011000101001 00000011101101100 00000011001101011 00000010001011100 00000001101011111 00000010010010001 00000100010100100 00000100010000110 00000110010100100 00000011110001001 00000011111100011 00000100011000111 00000011111000011 00000100110011100 00000101100001000
00000011100011100 00000011100000000 00000011100011110 00000010111010001 00000001110101000 00000001010000101 00000010000001100 00000101100110010 00000100010100100 00000110011010111 00000011110000111 00000011110001010 00000011100110000 00000100001110000 00000101100001111 00000100111110000
00000101001000110 00000011010011010 00000100011000000 00000100011111101 00000011001000110 00000001110001111 00000001100110101 00000110110000011 00000101011001100 00000110001000110 00000100110101001 00000100100110111 00000100110001001 00000100001111111 00000101101111000 00000101100110101
00000010101011111 00000011011011000 00000011101100001 00000011111101110 00000010100011111 00000001100010111 00000001111001010 00000011000100010 00000011111110110 00000110100011100 00000100100100010 00000100000101010 00000100000100110 00000011101100101 00000011110001100 00000100010000001
11111100101101010 11111010111111100 00000100000000000 11111100111100111 11111100011111100 11111100011110111 11111100011100011 00000001011100010 00000100000000000 00000100000000000 11110110111101010 00001000101011000 11110111001101110 11110110111000000 00000100000000000 00000100110001011
11111010111100011 11111001001111000 11111100000000000 11111100011010010 00000110010010101 11111110100010011 00000010100010000 11111011111110010 00000001000001111 00000100000000000 11110100010101011 11111100000000000 11110101010001011 11110101011000101 11111100000000000 00000100000011001
11111100000001111 11111001000101001 00000100000000000 11111001110000101 11111011101111100 11111100100011011 00000100001110101 11111100010011100 11111100000000000 00000100000000000 11110011101011011 11111101001111010 11111000000110110 11110001111110111 00000100000000000 00000001100101110
11111111001101100 11111011100011100 00000100000000000 11111001100110111 11111010001001010 11111010100000010 00000011001110001 11111101110011111 00000100000000000 00000100000000100 11111011000110001 11111100011101111 11111101001010100 11111001001010001 00000101101100000 00000100001001101
00000000100111001 11111101111011110 11111100000010100 11111110001000010 11111110010000001 11111011000010010 00000010010111000 11111100111100101 11111100000000000 00000000100100001 11111101101101110 11111011111001111 11111111111001101 11111011100101111 11111100111010101 11111111000000011
11111011000000101 11111110000110110 11111110100100101 11111011110101101 11111110000101010 11111011010100011 00000110100111111 11111010110000101 11111011110011110 00000001111101110 11111100110111010 11111011011111010 11111100001011111 11111011100100000 11111101111000100 11111011100011000
00000010011010110 11111101011000011 11111011100011001 00000011001111010 11111101101001100 11111011011001111 11111100000000000 00000010101001011 00000100000000000 00000011010110100 11111010111110101 11111111110011011 00001000000101011 11111010111001110 11111111010101110 00000100000000000
00000001111001010 11111100101110111 00000000111011100 11111011010111011 11111101100111011 11111010011111010 00001000001001101 11111100010110110 11111100000000000 11111100000011100 11111011000101001 00000001100001011 00000010000101000 11111001001111100 00000000101010010 11111011110111100
11111111011010000 11111011001101100 11111100000000000 11111010101101100 11111111010110010 11111111110000011 00000010110010100 00000011001000011 11111100000000000 11111100000111111 11111010100101111 11111100001101100 11111100011011011 11111001100110100 11111011011111011 00000010100011010
11111101110101001 11111001101111001 00000100000000000 11111000011010001 11111100000010000 11111010101110100 11111011101101101 11111111100100011 11111100000000000 00000101100001000 11111001010001101 00000100000000000 11111010101001111 11111001001100101 00000100000000000 11111101100000010
11111101110000010 11111010111111100 00000100000000000 11111000010101010 11111100000000000 11111010011011111 11111001101000010 11111111010010110 00000100000000000 00000110001010101 11111011001100011 00000100000000000 11111010011000011 11111000100010111 00000100000000000 11111011001011001
11111111101011100 11111110000111000 00000010111000010 11111001110110000 11111100000000000 11111101100111010 11111010010011111 00000010100011001 11111100000000000 11111011111110100 11111011110101101 00000100000000000 11111011000111001 11111010001001100 00000100000000000 11111110000011100
11111111100110101 11111110001001101 00000100000000000 11111001001111011 11111100000000000 11111010111111010 11111001000010111 00000000110011100 00000100000000000 00000101010001101 11111011110101001 00000100000000000 11111010111011100 11111010011011111 00000100000000000 11111101101010001
00000000100110110 11111110101011001 00000100000000000 11111000101101100 11111101011100110 11111001011100111 11111001110100110 00000010101000100 00000100000000000 11111011111101101 11111101010000100 00000100000000000 11111011011000110 11111011101110100 00000100000000000 00000000001100111
00000000000100010 11111111001011001 00000100000000000 11111001010100001 11111100011011001 11111000000100000 11110101111101111 00000010100011011 11111100000000000 11111011100111111 11111101010101011 00000100000000000 11111001011000000 11111001111011110 00000100000000000 00000000011111110
00000000111010100 11111111001101011 00000100000000000 11110101100100101 11111011111101010 11111000011111101 11111000010100110 00000100110011001 00000100000000000 11111011111111010 11111100101001011 00000100000000000 11111000110100111 11111010001000100 00000011001110101 00000001000100001
11111001001101010 11111001110001110 00000100000000000 11111111001110111 11111101100000101 00000000101110110 11111100110111110 11111100101101100 00000100000000000 00000010100011101 00000000101011111 11111111111010111 00000000011010101 11111111100101010 00000100000000000 11111101100101111
11111001101111110 11111100101100000 00000100000000000 11111110111110100 11111101101100010 00000001100000101 11111110111101001 11111100000111011 11111011010000000 00000001111110010 00000000110001010 00000011011000001 00000000100110011 00000001101000010 00000100000000000 11111101001011100
11111010100110000 11111101100111100 00000100000000000 11111111000101001 11111101010010100 11111110101111100 11111111001100111 11111100110000010 11111011001010110 11111101000010100 11111101010000111 11111100101100110 00000000001111000 00000001000111010 00000110011101100 11111101110001010
11111011001110101 11111100110110100 11111011100101000 11111101111011001 00000010011100100 11111101101100001 11111110111110101 11111101111000100 00000100100110011 00000010000111100 00000000101001111 00000010101011111 11111110000011011 11111110101001010 11111100000110001 00000001100100100
11111011111001110 11111110000110101 11111011011100110 11111110010010011 00000000110111001 11111101110011111 11111111100010100 11111100100111001 11111010110010100 11111101000011010 00000001111001001 00000011010101001 11111110110010100 11111101111001000 11111101111001011 11111100101000001
11111100111000001 11111101111111101 11111100100011110 11111111101111000 00000001011001011 11111111100111110 11111111000101100 00000010000101101 00000100001000111 00000000100001111 11111101100010001 00000010101101110 00000000111101001 11111111111010111 11111100011101001 11111111001010100
11111010000101001 11111100001000001 00000101011011100 11111101110100101 11111101110101001 00000001000110001 00000001010110101 00000000100100010 11111011011000111 00000001011110000 00000010000101000 11111100011000010 00000000100111011 11111111011011100 00000011100100010 11111111111010001
11111000110011111 11111111001011000 00000101010110101 11111111010110111 00000010100011111 00000001101001000 00000000010111111 11111100011100100 00000100101100100 00000000100111001 00000010010110001 11111100101101001 00000010001000010 00000010010001000 00000011101000000 11111110000100110
11111101001101010 11111110100110111 11111100000000010 00000000110001100 11111110101101010 00000001111101101 00000000111100001 00000011100111011 11111011110000100 00000000111100010 00000010000001000 11111101111111000 00000001111101000 00000000111010110 11111100000010001 11111100101101110
11111100101111011 11111110110110011 00000011101101000 11111111111000000 11111110101011001 00000001011001010 11111101111100010 00000010111001001 00000100001100000 00000001011110011 11111101110111000 00000011001011000 00000000100011101 11111111001110110 00000001111111111 00000001010100111
11111101010011010 11111111010001010 00000010000111110 00000000100010110 11111110001000110 11111110111010111 00000000011111010 11111100101101101 00000011000011000 11111111010011111 00000001111110110 00000010110001110 00000000001110111 00000000100100110 00000000111111011 11111101110000110
11111011101010111 11111101000011111 00000101001110111 11111110111001100 11111100101011111 00000000111000011 11111111111001111 11111100101010000 11111011101000100 00000010110001110 11111111111100011 00000011100010001 11111110011000101 11111101000111111 00000011100000001 00000001101011000
11111101110111100 00000001001000101 00000001010010001 00000000000101100 00000010110001110 00000000001110001 11111110101111111 11111101001001100 00000001010001011 11111110101110000 00000001111001010 00000010100111010 00000000111111000 00000001100101001 00000000110100100 00000001110101110
00000000101001101 11111110110111100 11111101000110011 11111110011110010 00000000101011111 00000001111110100 00000000001001001 00000100011111000 00000011101111001 00000001111111011 11111111011011011 11111110001110110 00000000011010111 11111101001110100 11111101101111110 11111100000100001
11111110100101101 11111101100111110 11111100010101111 11111101011101111 00000000110100011 00000001011001001 11111100100110100 11111011100011000 00000100100011110 00000010101001011 00000000101110011 11111101100011110 00000000111001110 11111101001001101 11111100011010001 11111011111101011
11111100111100100 11111111101010001 00000000100110000 11111111001101011 11111110000001010 11111110011101100 00000001000100010 11111100001101010 00000100010000111 00000001011011000 00000010001001111 00000010000101011 11111110010000100 00000000011010111 00000000111101111 11111100011010100
00000010010100111 00000001110110011 00000010101011110 00000001100011000 00000001011111110 00000000100100101 00000000110010010 00000000100011011 00000010010101110 00000001100000011 00000010000110000 00000010001000111 00000010000111010 00000010101110111 00000010010011110 00000001011011110
00000000110110010 00000000111000000 00000010111110011 00000001001111110 00000001000001101 11111111111000110 11111111010010100 11111111101101001 00000010000000110 00000001001010000 00000001011010110 00000010100000111 00000001010100110 00000001101000001 00000010010100110 00000000011101111
11111110110110100 11111111111010100 11111100011010100 00000000110100011 00000000110010011 00000000010101101 11111111000010100 11111110000001000 00000010010011011 00000001101010011 00000001011110010 00000010100001011 00000000100110011 00000000101110000 11111101000000111 00000000101001110
11111100110101010 11111100100101110 00000100111100011 11111111100110011 11111110001010101 11111110000011101 11111101100100101 11111100110001100 00000011110001001 00000010110010101 00000000111101100 00000010001110010 11111110001101000 11111110110010001 00000011100010011 00000001011010111
11111100100001000 00000000010111011 00000101000111100 11111111101000010 11111101110100010 11111101100000001 11111101001011010 11111101011111011 11111101000001111 00000010110101000 11111111011100010 00000001111101111 11111010111011000 11111111111110011 00000011101100101 00000010001111010
11111110011101101 11111111110001010 00000011010101100 11111111011000110 11111101001110011 11111101111000001 11111101111100001 11111110101110110 11111100011001110 00000001110110111 11111111111100010 00000001111000110 11111101110011010 11111111010010111 00000010100111010 00000010000101010
00000000010101001 00000000011001011 00000000111001110 11111111101101100 00000000001110100 11111110100011110 00000000100011111 00000000001111000 11111110000111101 00000001000100010 00000000100010001 00000000010110101 11111111111111000 00000001011101101 00000001011011001 00000000000001110
00000010000001001 00000001001000011 11111111110111110 00000000000010011 00000000100001010 11111111101010100 00000001001011111 00000000111100101 00000000110110100 00000001100100001 00000010000100101 00000000000100101 00000001101010011 00000010001001011 00000011011010011 00000000101100000
11111011110110100 00000001010001010 00000000001011011 00000010001110100 00000000100000011 11111111101110100 00000000100001011 11111100111100110 00000000010011100 11111111110111111 00000011000000111 11111111111110000 11111011110011001 00000010011111110 00000010110011111 00000100001010000
00000100000000000 00000001100101101 00000001001010100 11111100101001111 00000010100101110 00000001011001001 11111111001001000 00000100000000000 00000010001000010 00000001110101010 00000011101101011 00000001100101001 00000100000000000 00000010001101100 00000000100000001 11111100000000000
00000100000000000 00000010010100011 00000010101011101 11111100100000111 00000011100111011 00000010000100111 11111110111101100 00000101011000111 00000000111111100 00000010111101011 00000100010111100 00000001111001100 00000100000000000 00000010000000000 11111111010110011 11111100000000000
00000100000000000 00000011100001001 00000011110100011 00000000111100011 00000100001010110 00000010011110010 00000000000100110 00000100010010001 00000010101011111 00000101001111111 00000101100010101 00000010011000000 00000100000000000 00000011001101101 00000000110101010 11111011010001101
00000100001001101 00000100010000100 00000100111000011 00000111000010010 00000100111000010 00000011011011010 00000000011000010 00000011100000110 00000100110111001 00000110101011110 00000111010000110 00000100111110111 00000100000101100 00000011111000101 00000011111101101 00000100001111100
00000100010101100 00000100101100011 00000101110111100 00000110000101001 00000110010010010 00000100001101010 00000010000110000 00000100000011100 00000101111111010 00000111000100111 00000110101000001 00000101110101111 00000100100111001 00000100001101000 00000100111100111 00001000001101100
00000010001110011 00000011010110100 00000011001101001 00000010100110110 00000001110000001 00000000011001001 11111110001010110 00000010001011011 00000011110100110 00000100011111111 00000011101110000 00000011101111010 00000010100001010 00000010111001110 00000010110111001 00000100000110000
00000001000100011 00000010001001101 00000100010101101 00000001010100100 11111111111000011 11111110001101001 11111101101101101 00000001000111111 00000011101010011 00000011010010010 00000100000110011 00000100010001000 00000010001111110 00000010100110101 00000011110100101 00000011101100101
11111110011010101 00000000110001101 00000010011000010 00000000010000000 00000001010100100 11111110111011001 00000000111001100 11111100101000101 00000011001100011 00000000001000111 11111111010110110 11111101000110010 00000000111010011 00000010001011100 00000001000010010 00000000010111111
00000001110101000 11111110010101111 00000001000010100 00000001010010110 11111101110000001 11111110001100100 11111110001010111 11111010100111010 00000010000100110 11111111110101100 11111101011100000 11111101111100111 11111101101111110 11111110100101010 11111111011100110 00000100000000101
00000011100001010 11111110011010000 11111111010000001 11111100010011011 00000000111101100 00000001000011010 00000010111001000 00000100000000000 11111100000101110 00000001100100011 11111111000101000 11111100011100110 00000011011010100 11111101110100001 11111100111000100 11111100000000000
00000101101010101 11111110000011011 11111100101010111 00000100111110000 00000001010110110 00000010001010001 11111011110000111 00000100000000000 11111011111101010 00000010110010110 11111101100011010 11111010110111000 11111100010011010 11111100001111011 11111101000100110 00000100000000000
