1111111111111 1111111111010 1111111111100 0000000001011 1111111111011 0000000000101 0000000000011 1111111111010 0000000000000 0000000001011 1111111111011 0000000000011 0000000000001 0000000000010 1111111111010 0000000001011
0000000000000 1111111111100 0000000001001 0000000001101 1111111111100 0000000001100 0000000001010 1111111111010 0000000001001 0000000001110 0000000000110 0000000000110 0000000000100 0000000000100 0000000001100 0000000001110
0000000000001 1111111111010 0000000000010 0000000001010 1111111111011 0000000000011 0000000000011 1111111111010 0000000000001 0000000001010 0000000000001 0000000000101 1111111111111 0000000000100 0000000000010 0000000001010
1111111111100 1111111111000 1111111111011 0000000001000 1111111111011 1111111111111 0000000000001 1111111111010 1111111111111 0000000000101 1111111111010 0000000000000 1111111111100 1111111111010 1111111111110 0000000000111
1111111111100 1111111111010 1111111111011 0000000000111 1111111111011 1111111111011 0000000000001 1111111111001 1111111111110 0000000000001 1111111111010 0000000000010 1111111111100 1111111111010 1111111111011 0000000000001
1111111111001 1111111111010 1111111111010 0000000000011 1111111111010 1111111111100 1111111111011 1111111111001 1111111111001 0000000000000 1111111111010 1111111111011 1111111111010 1111111111010 1111111111010 1111111111100
1111111111010 1111111111010 1111111111011 0000000000101 1111111111011 1111111111111 1111111111101 1111111111001 1111111111010 0000000000001 1111111111011 1111111111011 1111111111010 1111111111010 1111111111101 1111111111100
1111111111001 1111111111000 1111111111101 0000000000101 1111111111011 1111111111100 1111111111110 1111111111000 1111111111011 0000000000000 1111111111011 1111111111011 1111111111010 1111111111010 1111111111100 1111111111100
1111111111010 1111111111001 1111111111101 0000000000111 1111111111010 1111111111100 1111111111100 1111111111001 1111111111011 1111111111111 1111111111011 1111111111111 1111111111000 1111111111011 1111111111101 1111111111101
1111111111001 1111111111001 1111111111001 0000000000100 1111111111010 1111111111100 1111111111100 1111111111001 1111111111001 1111111111100 1111111111001 0000000000100 1111111111001 1111111111001 1111111111010 1111111111101
1111111111100 1111111111001 1111111111010 1111111111111 1111111111000 1111111111010 1111111111010 1111111111001 1111111111010 1111111111001 1111111111011 0000000000011 1111111111101 1111111111001 1111111111010 1111111111011
1111111111011 1111111111001 1111111111001 1111111111111 1111111111001 1111111111001 1111111111100 1111111111001 1111111111010 1111111111011 1111111111100 0000000000000 1111111111010 1111111111001 1111111111011 1111111111101
1111111111010 1111111111001 1111111111001 1111111111111 1111111111001 1111111111001 1111111111010 1111111111001 1111111111001 1111111111011 1111111111010 0000000000000 1111111111001 1111111111001 1111111111011 1111111111001
1111111111100 1111111111001 1111111111001 1111111111001 1111111111000 1111111111001 1111111111001 1111111111010 1111111111001 1111111111010 1111111111010 1111111111010 1111111111001 1111111111000 1111111111001 1111111111001
1111111111010 1111111111010 1111111111001 1111111111101 1111111111000 1111111111010 1111111111010 1111111111001 1111111111001 1111111111001 1111111111001 1111111111010 1111111111001 1111111111011 1111111111001 1111111111001
1111111111010 1111111111010 1111111111010 0000000000010 1111111111001 1111111111100 1111111111001 1111111111001 1111111111001 1111111111110 1111111111010 1111111111011 1111111111010 1111111111100 1111111111010 1111111111100
1111111111010 1111111111010 1111111111000 1111111111001 1111111111000 1111111111001 1111111111000 1111111111010 1111111111100 1111111111000 1111111111000 1111111111010 1111111111000 1111111111011 1111111111001 1111111111001
1111111111010 1111111111001 1111111111001 1111111111100 1111111111000 1111111111001 1111111111001 1111111111011 1111111111001 1111111111010 1111111111001 1111111111001 1111111111001 1111111111001 1111111111001 1111111111001
1111111111010 1111111111010 1111111111010 0000000000000 1111111111001 1111111111001 1111111111001 1111111111010 1111111111001 1111111111010 1111111111001 0000000000111 1111111111001 1111111111100 1111111111010 0000000000001
0000000000001 1111111111010 1111111111010 0000000000011 1111111111001 0000000000000 1111111111100 1111111111010 1111111111010 0000000000100 1111111111010 0000000000011 1111111111110 0000000000010 1111111111010 0000000001001
0000000000010 1111111111010 1111111111010 1111111111111 1111111111001 1111111111111 1111111111101 1111111111001 0000000000001 1111111111100 1111111111000 0000000000011 0000000000100 1111111111101 1111111111010 1111111111101
1111111111111 1111111111010 1111111111100 1111111111111 1111111111001 1111111111101 1111111111101 1111111111001 0000000000011 1111111111011 1111111111001 0000000000111 0000000000100 1111111111011 1111111111010 0000000000001
0000000000011 1111111111010 1111111111010 0000000000010 1111111111001 1111111111100 1111111111110 1111111111000 1111111111100 1111111111100 1111111111001 0000000000011 0000000000000 1111111111010 1111111111010 0000000000100
1111111111111 1111111111010 0000000000000 0000000000010 1111111111001 1111111111011 1111111111100 1111111111011 0000000000101 1111111111001 1111111111010 0000000000011 1111111111111 0000000000001 1111111111101 0000000000010
1111111111110 1111111111010 1111111111010 0000000000001 1111111111001 1111111111011 1111111111010 1111111111100 0000000000000 1111111111011 1111111111001 0000000000011 1111111111110 1111111111110 1111111111011 0000000000101
1111111111110 1111111111001 1111111111001 0000000000000 1111111111001 1111111111011 1111111111010 1111111111010 1111111111110 1111111111011 1111111111001 1111111111110 1111111111110 1111111111001 1111111111011 1111111111001
1111111111011 1111111111010 1111111111110 0000000000001 1111111111001 1111111111011 1111111111011 1111111111001 1111111111110 1111111111010 1111111111010 0000000000011 1111111111100 1111111111110 1111111111010 1111111111011
1111111111010 1111111111001 1111111111001 1111111111010 1111111111000 1111111111001 1111111111001 1111111111010 1111111111010 1111111111001 1111111111010 1111111111001 1111111111001 1111111111000 1111111111001 1111111111000
1111111111010 1111111111010 1111111111000 1111111111000 1111111111000 1111111111001 1111111111011 1111111111010 1111111111010 1111111111010 1111111111010 1111111111001 1111111111001 1111111111011 1111111111001 1111111111001
1111111111001 1111111111000 1111111111010 1111111111001 1111111111010 1111111111001 1111111111001 1111111111011 1111111111001 1111111111100 1111111111100 1111111111001 1111111111010 1111111111010 1111111111110 1111111111001
1111111111011 1111111111010 1111111111100 1111111111001 1111111111010 1111111111010 1111111111010 1111111111101 1111111111001 1111111111100 0000000000010 1111111111001 1111111111001 1111111111001 0000000000001 1111111111001
1111111111010 1111111111001 1111111111010 1111111111001 1111111111010 1111111111000 1111111111001 0000000000000 1111111111001 1111111111010 1111111111010 1111111111000 1111111111000 1111111111000 1111111111101 1111111111000
1111111111011 1111111111000 1111111111000 1111111111000 1111111111000 1111111110111 1111111110111 1111111111001 1111111111000 1111111111001 1111111111000 1111111111001 1111111111000 1111111110111 1111111111000 1111111111000
1111111111101 1111111111000 1111111111000 1111111111000 1111111110111 1111111110111 1111111111000 1111111111001 1111111111010 1111111111000 1111111111000 1111111111101 1111111111001 1111111111000 1111111111000 1111111111000
1111111111001 1111111111000 1111111111000 1111111110111 1111111110111 1111111110111 1111111111000 1111111111000 0000000000110 1111111111001 1111111111000 1111111111001 1111111111001 1111111111000 1111111111010 1111111111000
1111111111010 1111111111000 1111111111100 1111111111110 1111111111000 1111111111001 1111111111001 1111111111001 0000000000100 1111111111010 1111111111001 0000000000101 1111111111101 1111111111001 1111111111010 1111111111011
1111111111100 1111111111001 1111111111110 1111111111111 1111111111000 1111111111010 1111111111100 1111111111001 0000000000010 1111111111010 1111111111011 0000000000011 1111111111100 1111111111001 1111111111010 1111111111101
1111111111110 1111111111001 1111111111110 1111111111110 1111111111000 1111111111010 1111111111010 1111111111001 0000000000100 1111111111001 1111111111010 0000000000010 1111111111011 1111111111001 1111111111100 1111111111110
0000000000001 1111111111001 0000000000000 0000000000000 1111111111000 1111111111000 1111111111101 1111111111100 0000000000010 1111111111001 1111111111010 0000000000010 1111111111101 1111111111001 1111111111010 0000000000100
0000000000001 1111111111001 1111111111110 0000000000000 1111111111000 1111111111010 1111111111100 1111111111100 0000000000100 1111111111011 1111111111011 0000000000011 1111111111110 1111111111000 1111111111010 0000000000100
1111111111101 1111111111001 1111111111010 0000000000000 1111111111000 1111111111000 1111111111100 1111111111011 0000000000000 1111111111001 1111111111100 0000000000011 1111111111101 1111111111001 1111111111010 1111111111111
1111111111111 1111111111001 1111111111010 0000000000100 1111111111001 1111111111001 1111111111011 1111111111101 1111111111101 1111111111110 1111111111100 0000000000011 1111111111110 1111111111001 1111111111010 0000000001000
0000000000010 1111111111001 1111111111110 0000000000011 1111111111001 1111111111011 1111111111100 1111111111010 1111111111111 1111111111110 1111111111100 1111111111100 0000000000000 1111111111001 1111111111011 1111111111101
0000000000001 1111111111001 1111111111110 0000000000011 1111111111001 1111111111011 1111111111110 1111111111001 0000000000001 1111111111101 1111111111011 0000000000011 0000000000001 1111111111010 1111111111101 1111111111111
1111111111101 1111111111010 1111111111100 0000000000000 1111111111001 1111111111011 1111111111111 1111111111000 1111111111011 0000000000000 1111111111100 1111111111011 1111111111101 1111111111010 1111111111010 1111111111100
1111111111010 1111111111011 1111111111010 0000000000011 1111111111001 1111111111110 1111111111011 1111111111010 1111111111010 0000000000000 1111111111010 1111111111110 1111111111001 0000000000010 1111111111010 1111111111111
1111111111101 1111111111010 1111111111011 0000000000100 1111111111001 1111111111111 1111111111100 1111111111010 1111111111010 0000000000100 1111111111010 1111111111011 1111111111101 0000000000010 1111111111010 1111111111111
1111111111111 1111111111001 1111111111010 0000000000100 1111111111001 1111111111010 1111111111111 1111111111001 1111111111011 0000000000000 1111111111100 0000000000010 0000000000001 1111111111010 1111111111001 0000000000001
1111111111000 1111111110110 1111111111010 1111111110111 1111111110110 1111111110110 1111111111000 1111111111001 0000000000110 0000000000101 1111111110110 1111111111011 1111111110111 1111111110001 1111111111010 1111111111000
1111111110111 1111111110100 1111111111010 1111111111011 1111111110110 1111111110101 1111111111011 1111111111001 0000000000110 0000000000100 1111111110110 1111111111010 1111111110110 1111111110001 1111111111000 1111111111000
1111111110111 1111111110101 1111111111000 1111111110111 1111111110110 1111111110110 1111111111100 1111111111001 0000000000000 0000000000001 1111111110110 1111111111010 1111111110110 1111111110011 1111111111000 1111111111000
1111111111001 1111111111000 1111111111000 1111111110111 1111111110111 1111111111000 1111111111000 1111111111001 1111111111010 1111111111000 1111111110111 1111111111000 1111111111000 1111111110111 1111111111000 1111111111000
1111111111001 1111111111000 1111111111000 1111111110111 1111111110111 1111111111000 1111111111010 1111111111010 1111111111000 1111111111001 1111111111000 1111111110111 1111111111000 1111111110111 1111111111000 1111111111000
1111111111010 1111111111001 1111111111000 1111111110111 1111111111000 1111111111000 1111111111010 1111111111110 1111111111000 1111111111011 1111111111000 1111111110111 1111111111010 1111111110111 1111111111000 1111111111000
1111111111000 1111111111000 1111111110111 1111111111000 1111111110111 1111111111000 1111111111010 0000000000001 1111111111000 1111111111000 1111111111000 1111111111000 1111111111010 1111111110111 1111111111000 1111111111000
1111111111001 1111111111000 1111111110111 1111111110111 1111111110111 1111111111000 1111111111010 1111111111100 1111111111010 1111111111000 1111111111000 1111111110111 1111111111000 1111111111000 1111111111000 1111111111000
1111111111010 1111111111000 1111111111000 1111111110111 1111111110111 1111111111000 1111111111000 1111111111001 1111111111010 1111111111000 1111111110111 1111111111000 1111111111010 1111111110111 1111111111000 1111111111000
1111111111010 1111111110111 1111111111010 1111111111101 1111111110111 1111111110111 1111111111000 1111111111000 0000000000100 1111111111000 1111111110111 0000000000010 1111111110110 1111111111000 1111111111110 1111111111001
1111111111011 1111111111000 0000000000100 1111111110110 1111111111000 1111111111010 1111111111100 1111111111001 0000000001000 1111111111000 1111111110111 0000000000100 1111111110101 1111111111010 0000000000100 0000000000000
1111111111101 1111111111000 0000000000110 1111111111001 1111111111000 1111111111000 1111111111011 1111111111010 0000000001000 1111111111001 1111111111000 0000000000100 1111111110110 1111111111010 0000000000100 0000000000010
1111111111110 1111111111000 0000000000110 1111111110111 1111111111000 1111111110111 1111111111010 1111111111011 0000000001000 1111111111001 1111111111000 0000000000110 1111111110110 1111111111000 0000000000100 0000000000001
1111111111110 1111111111010 0000000000110 1111111110110 1111111111000 1111111110111 1111111111100 0000000000000 0000000001000 1111111111001 1111111111001 0000000000100 1111111110111 1111111111110 0000000000100 0000000000010
1111111111101 1111111111001 1111111111110 1111111111101 1111111110111 1111111110111 1111111111111 1111111111100 0000000001000 1111111111001 1111111111001 0000000000010 1111111110100 1111111111110 1111111111100 0000000000101
1111111111010 1111111111001 1111111111010 0000000000001 1111111110111 1111111110111 0000000000011 1111111111001 0000000000100 1111111111001 1111111111000 1111111111100 1111111110110 1111111111000 1111111111010 1111111111100
1111111110111 1111111111000 1111111111010 1111111111001 1111111111000 1111111111001 1111111111001 1111111110111 1111111111110 1111111111001 1111111111000 1111111111010 1111111111011 1111111111000 1111111111000 1111111111000
1111111110111 1111111111000 1111111111000 1111111111000 1111111111000 1111111111010 1111111111001 1111111111000 0000000000110 1111111111011 1111111111000 1111111111010 1111111111011 1111111111010 1111111111010 1111111111000
1111111110111 1111111111001 1111111111010 1111111111000 1111111111000 1111111111010 1111111111001 1111111111000 1111111111111 1111111111101 1111111111000 1111111111001 1111111111011 1111111111011 1111111111101 1111111111000
1111111111000 1111111111001 1111111111100 1111111111001 1111111111000 1111111111000 1111111111000 1111111111000 1111111111010 1111111111011 1111111111000 1111111111001 1111111111000 1111111111001 1111111111000 1111111111000
1111111111000 1111111111000 1111111111000 1111111111000 1111111111000 1111111111000 1111111111000 1111111111000 1111111111010 1111111111010 1111111111000 1111111111000 1111111111001 1111111111001 1111111111000 1111111111000
1111111111010 1111111111000 1111111111000 1111111111001 1111111111001 1111111111010 1111111111000 1111111111000 1111111111010 1111111111001 1111111111001 1111111111010 1111111111010 1111111111000 1111111111000 1111111111000
1111111111000 1111111111000 1111111111001 1111111111001 1111111111000 1111111111010 1111111111000 1111111111000 1111111111001 1111111111010 1111111111000 1111111111010 1111111111001 1111111111001 1111111111000 1111111111000
1111111111000 1111111111000 1111111111001 1111111111000 1111111111001 1111111111010 1111111111000 1111111111000 1111111111010 1111111111001 1111111111000 1111111111010 1111111111001 1111111111001 1111111111000 1111111111000
1111111111000 1111111111000 1111111111001 1111111111001 1111111111001 1111111111010 1111111111000 1111111111000 1111111111001 1111111111000 1111111111000 1111111111010 1111111111000 1111111111001 1111111111000 1111111111000
1111111111001 1111111111000 1111111111000 1111111111001 1111111111000 1111111111010 1111111111000 1111111111000 1111111111001 1111111111000 1111111111001 1111111111010 1111111111010 1111111111001 1111111111000 1111111111000
1111111111001 1111111111001 1111111111000 1111111111010 1111111111000 1111111111010 1111111111000 1111111111001 1111111111010 1111111111100 1111111111001 1111111111010 1111111111001 1111111111010 1111111111000 1111111111000
1111111110111 1111111111000 1111111111001 1111111111001 1111111111000 1111111111000 1111111111000 1111111111000 1111111111001 1111111111011 1111111111000 1111111111001 1111111111000 1111111111000 1111111111000 1111111111000
1111111111001 1111111111000 1111111111001 1111111111001 1111111111001 1111111111010 1111111111010 1111111111010 1111111111010 1111111111001 1111111111001 1111111111010 1111111111010 1111111111000 1111111111001 1111111111001
1111111111001 1111111111010 1111111111001 1111111111001 1111111111000 1111111111000 1111111111000 1111111111010 1111111111001 0000000000100 1111111111000 1111111111000 1111111111000 1111111111000 1111111111000 1111111111000
1111111111001 1111111111001 1111111111000 1111111111000 1111111111000 1111111111000 1111111111000 1111111111010 1111111111000 1111111111101 1111111111000 1111111111000 1111111111000 1111111111000 1111111111000 1111111111000
1111111111010 1111111111000 1111111111000 1111111111001 1111111111001 1111111111010 1111111111000 1111111111001 1111111111001 1111111111000 1111111111000 1111111111000 1111111111000 1111111111001 1111111111000 1111111111000
1111111111100 1111111111000 0000000000000 1111111111011 1111111111001 1111111111010 1111111111011 1111111111001 1111111111100 1111111111011 1111111111001 1111111111010 1111111111100 1111111111010 1111111111100 1111111111001
1111111111100 1111111111000 0000000000011 1111111111011 1111111111001 1111111111010 1111111111100 1111111111000 1111111111110 1111111111010 1111111111001 1111111111110 1111111111011 1111111111010 0000000000000 1111111111001
1111111111011 1111111111001 1111111111010 1111111111010 1111111111000 1111111111011 1111111111001 1111111111000 1111111111011 1111111111001 1111111111001 1111111111001 1111111111011 1111111111010 1111111111001 1111111111001
1111111111000 1111111111001 1111111111010 1111111111001 1111111111000 1111111111000 1111111111001 1111111111000 0000000000010 1111111111011 1111111111010 1111111111001 1111111111001 1111111111001 1111111111000 1111111111000
1111111111000 1111111111001 1111111111010 1111111111000 1111111111000 1111111111000 1111111111001 1111111111000 1111111111010 1111111111001 1111111111000 1111111111000 1111111111000 1111111111001 1111111111000 1111111111000
1111111111000 1111111111000 1111111111001 1111111111000 1111111111000 1111111111000 1111111111001 1111111111000 1111111111001 1111111111001 1111111111000 1111111111000 1111111111000 1111111111001 1111111111001 1111111111001
1111111111010 1111111111010 1111111111001 1111111111001 1111111111001 1111111111010 1111111111010 1111111111001 1111111111010 1111111111010 1111111111010 1111111111000 1111111111010 1111111111100 1111111111010 1111111111001
1111111111110 1111111111010 1111111111001 1111111111010 1111111111001 1111111111100 1111111111010 1111111111001 1111111111001 1111111111001 1111111111001 1111111111001 1111111111010 1111111111110 1111111111011 1111111111001
0000000000000 1111111111010 1111111111011 1111111111001 1111111111001 1111111111011 1111111111000 1111111111010 1111111111001 1111111111010 1111111111110 1111111111001 1111111111100 1111111111010 1111111111111 1111111111001
0000000000010 1111111111010 0000000000000 1111111111000 0000000000011 1111111111011 1111111111010 0000000000110 1111111111011 1111111111010 0000000000111 1111111111101 1111111111110 1111111111010 1111111111110 1111111111000
0000000000100 1111111111001 0000000000011 1111111111000 0000000000100 1111111111010 1111111111000 0000000000100 1111111111010 1111111111010 0000000001000 1111111111100 0000000000000 1111111111010 1111111111101 1111111111000
0000000000100 1111111111001 0000000000110 1111111111010 0000000000101 1111111111101 1111111111000 0000000000001 1111111111100 1111111111110 0000000001000 1111111111100 0000000000100 1111111111010 1111111111111 1111111111001
0000000000000 1111111111011 0000000000101 1111111111100 0000000000010 1111111111110 1111111111010 1111111111010 1111111111110 0000000000010 0000000000101 1111111111010 1111111111100 1111111111010 0000000000110 1111111111010
1111111111101 1111111111011 0000000000010 0000000000100 0000000000000 0000000000001 1111111111001 1111111111010 1111111111111 0000000000011 1111111111100 1111111111011 1111111111011 1111111111011 0000000000101 1111111111101
1111111111111 1111111111010 1111111111001 0000000000011 1111111111001 1111111111101 1111111111001 1111111111001 1111111111100 1111111111110 1111111111010 0000000000001 1111111111111 1111111111110 1111111111010 1111111111101
1111111111110 1111111111010 1111111111110 0000000000011 1111111111001 1111111111010 1111111111010 1111111111001 0000000000011 1111111111011 1111111111010 0000000000100 1111111111111 1111111111100 1111111111100 1111111111111
1111111111001 1111111111000 1111111111000 1111111111000 1111111111000 1111111111010 1111111111001 1111111111100 1111111111001 1111111111001 1111111111000 1111111111000 1111111111000 1111111111000 1111111111000 1111111111000
1111111111010 1111111111001 1111111111001 1111111111000 1111111111000 1111111111010 1111111111001 1111111111110 1111111111000 1111111111001 1111111111000 1111111111000 1111111111001 1111111111000 1111111111000 1111111111000
1111111111001 1111111111001 1111111111000 1111111111000 1111111111000 1111111111000 1111111111001 0000000000100 1111111111000 1111111111101 1111111111001 1111111111000 1111111111000 1111111111000 1111111111000 1111111111000
1111111111000 1111111111000 1111111111000 1111111111000 1111111111000 1111111111000 1111111111001 0000000000110 1111111111000 1111111111111 1111111111000 1111111110111 1111111111000 1111111111000 1111111111000 1111111111000
