000000000100011110001 000000000100011100111 000000000111100000111 000000001001000110100 000000000110101001000 000000000110100110111 000000000100101111010 000000000100000100011 000000000111011011100 000000001000100111110 000000000111110111110 000000000110111111100 000000001000100001000 000000000100001100000 000000000111000100110 000000001000101100101
000000000101100101000 000000000100011000010 000000001001111111011 000000001010101100000 000000001000101111110 000000001001011100100 000000000111101100100 000000000101111011100 000000001010001011100 000000001011001110011 000000001001101011100 000000001010000001100 000000001010100011110 000000000100010000100 000000001001100101010 000000001010110110010
000000000111011010111 000000000100011011100 000000000111101111100 000000000111111110000 000000000101111101110 000000000101011111001 000000000011101100010 000000000100111000001 000000001000000011011 000000000111110001111 000000000111001001101 000000000111000101101 000000000110000101001 000000000011110100110 000000000111110101111 000000001000010011100
000000000101010010000 000000000100000111000 000000000110001001010 000000000111001101101 000000000101011111011 000000000100011110100 000000000011011000001 000000000011100011000 000000000101111100110 000000000110001010000 000000000110001001100 000000000110011101001 000000000100111100101 000000000011101100100 000000000101101000011 000000000110010011101
000000000011100000110 000000000011100100011 000000000100111000011 000000000110001000110 000000000101000101010 000000000011111101011 000000000011011101011 000000000011000001001 000000000100000110000 000000000100010101111 000000000100100011001 000000000101011011010 000000000011110111110 000000000011010111011 000000000100001111100 000000000100101011100
000000000010100101001 000000000011100011110 000000000100011000001 000000000101011010010 000000000100011110111 000000000010110111001 000000000010011110111 000000000010000001101 000000000011100011011 000000000100000101100 000000000100011110101 000000000101001001011 000000000011101001010 000000000011010101111 000000000011111001010 000000000100100000000
000000000011001010110 000000000011111011001 000000000101001111111 000000000110011111110 000000000101011000111 000000000100001111101 000000000011010011001 000000000010010010111 000000000011111101110 000000000100110110000 000000000101001110101 000000000110010100011 000000000101001101100 000000000011111011001 000000000010011111011 000000000100000101001
000000000011001001111 000000000011101111000 000000000101000000010 000000000110100011111 000000000101100010001 000000000100110011011 000000000100010000100 000000000010111010101 000000000011011010100 000000000100000111111 000000000100111001001 000000000110100000110 000000000101011011001 000000000100001000001 000000000010011000110 000000000011100000110
000000000011000001111 000000000011100100100 000000000100100100100 000000000101110011000 000000000101000000100 000000000100011001000 000000000100001010001 000000000010111010011 000000000010100101010 000000000011001001100 000000000100010001010 000000000101111010011 000000000100110011111 000000000100001110000 000000000001110110110 000000000010100111000
000000000010010000110 000000000010111100101 000000000011100100011 000000000100010000011 000000000011101100111 000000000010011100010 000000000001101101000 000000000001011001000 000000000010010001111 000000000001111101011 000000000010011100001 000000000100010011000 000000000011000101010 000000000011000010101 000000000010101010001 000000000011000000111
000000000000111010101 000000000001110110000 000000000011011000000 000000000010000111100 000000000001010111111 000000000000001100110 111111111111111000111 111111111111100100101 000000000010101011100 000000000001101010001 000000000001010000010 000000000011011110001 000000000001011011001 000000000001101111001 000000000011011101001 000000000011011101100
000000000010011100111 000000000010001100100 000000000011001110111 000000000010000111010 000000000001111110010 000000000000000001101 111111111111101011101 000000000000110001111 000000000010111000001 000000000001110011111 000000000001001010111 000000000011010100001 000000000000100111001 000000000001101010101 000000000100000001100 000000000011110011001
000000000010100100011 000000000010011110101 000000000011000010101 000000000010010010110 000000000001001011101 111111111111100100101 111111111111011011110 000000000001001100101 000000000010101001101 000000000001010000011 000000000001010111110 000000000011000101000 000000000000000001111 000000000001100101111 000000000011111000001 000000000011001001101
000000000010100101000 000000000001001111111 000000000010000110111 000000000001101000000 111111111111011010001 111111111110100100001 111111111111001101011 000000000001100110101 000000000001000111101 000000000001000011011 000000000000111110111 000000000010000101010 000000000000100011111 000000000000010110100 000000000010000100110 000000000000000111001
000000000010110101011 000000000010010010010 000000000010010010000 000000000001110011011 111111111111110010111 111111111110011101001 111111111110010010110 000000000000101011010 000000000001011111010 000000000001000111000 000000000001111001011 000000000011010111111 000000000000110111010 000000000010001010111 000000000010011111110 000000000010011001000
000000000011010100100 000000000011011000100 000000000011011111001 000000000011111011011 000000000011000000101 000000000000101111011 111111111111110100010 000000000010001000100 000000000011010111011 000000000011000011110 000000000011111001010 000000000100010000001 000000000010110100100 000000000011010110101 000000000100011001101 000000000011111011001
000000000001000101110 000000000000111110111 000000000000101011100 111111111111000000101 111111111101110001010 111111111101100000000 000000000000100010000 000000000010010100101 000000000010010111110 000000000001100000010 111111111101100011001 111111111111100111110 111111111101011011101 111111111110110110001 000000000010000000011 000000000001100011111
000000000010101011011 000000000010100111111 000000000001000110100 000000000000110100111 000000000000100001101 111111111111101000110 000000000000001100001 000000000011101110111 000000000010101010000 000000000000010111000 000000000000101101100 000000000000111101101 111111111111101011100 000000000010010010000 000000000010110111001 000000000010000111101
000000000100010100000 000000000011011100001 000000000010001010101 000000000001011001011 000000000000110110111 111111111111111001010 111111111111111011111 000000000011101100110 000000000010111101001 000000000000101000001 000000000000101001110 000000000010010001000 000000000000010000101 000000000011011101101 000000000011001101101 000000000010101110110
000000000110110111000 000000000100001100111 000000000011110000010 000000000011100000110 000000000011001101011 000000000010101111101 000000000001101111000 000000000101011010001 000000000101000010110 000000000100001001111 000000000011010000010 000000000011110001000 000000000100100011111 000000000011111111111 000000000101011110110 000000000101111011000
000000000010110111101 000000000011011110000 000000000011001000001 000000000001000110111 000000000001110011110 000000000010000011010 000000000010011001010 000000000010001011011 000000000010110010111 000000000001011000100 111111111111111000101 000000000011000110110 000000000100001110110 000000000100001010100 000000000011011010100 000000000010110100010
000000000000110001100 000000000010101100010 000000000011010010111 000000000000010000111 000000000001001010111 000000000001111010010 000000000010101000110 000000000001110011101 000000000010010001100 000000000000100001000 000000000000011011011 000000000011011000111 000000000011101101011 000000000100001100001 000000000011101101010 000000000010011100100
000000000100100111101 000000000011100100110 000000000011010000100 000000000010000100111 000000000010100010101 000000000001111000101 000000000010100000010 000000000101000000111 000000000011101011100 000000000010001101101 000000000001100001001 000000000011011000101 000000000010111111110 000000000011111010011 000000000100111100111 000000000100011110000
000000000001000010100 000000000010011001001 000000000011100100100 000000000000110111111 111111111111001111000 111111111111110000101 000000000000101001010 000000000010101111010 000000000010111100111 000000000001011101000 000000000000101011001 000000000011010110000 000000000000111000110 000000000010000110111 000000000100000101100 000000000011000111000
000000000001001010110 000000000010101010101 000000000011100011101 000000000001001111110 111111111111001110110 111111111111011110001 111111111110111111001 000000000100100101110 000000000011100001010 000000000001101000010 000000000001000110101 000000000011100000111 000000000001010110110 000000000010111011101 000000000100011100010 000000000100110110101
000000000001010111000 000000000010101111101 000000000011000001011 000000000010110010101 000000000001101101011 000000000001000010100 000000000000010011000 000000000011000111100 000000000011010001010 000000000010010011110 000000000000110011010 000000000011001010101 000000000010000010011 000000000010011011011 000000000011110001000 000000000011010111001
111111111111100000001 000000000001001010110 000000000010110001001 000000000001010010101 000000000000000111111 000000000000010000000 000000000000101100110 000000000000010111000 000000000001111101010 000000000001011000010 000000000000001110001 000000000010100111011 000000000000101100101 000000000001101001011 000000000010010101011 000000000001011011001
000000000001011101000 000000000001011111000 000000000010001011011 000000000000010100110 111111111111001010001 111111111111011011010 000000000000011111111 000000000010010011011 000000000010010011110 000000000001011110010 000000000000100010011 000000000010000110111 000000000000000101001 000000000000111110100 000000000010100011110 000000000010001010001
000000000001101100001 000000000001011011110 000000000001010000001 111111111111111100110 111111111101111110010 111111111101111100001 000000000000001110100 000000000010001110111 000000000010101100111 000000000001101000000 000000000000001010001 000000000010010001000 111111111110111110101 111111111111110101010 000000000010000101100 000000000001110110010
000000000011001101111 000000000010111010110 000000000001100100111 000000000001111110110 000000000001100110011 000000000000000110111 000000000010000100001 000000000100010001001 000000000010101010100 000000000010101010001 000000000010110111111 000000000001101101100 000000000001011111011 000000000010010010011 000000000011110100010 000000000000101110110
000000000011100101101 000000000011100001000 000000000001101011000 000000000010100101010 000000000001111100001 000000000000010011001 000000000001111001000 000000000100011010011 000000000010001101011 000000000010101110101 000000000010100010010 111111111111111100110 000000000001110000101 000000000000000011100 000000000011100010100 111111111110111101011
000000000010111010110 000000000010000011110 111111111111101000111 000000000010001010110 000000000001011100011 111111111111011001011 000000000001101100010 000000000011101011111 000000000000110101100 000000000010010111011 000000000001101110000 111111111111011000001 000000000001111010101 111111111111010011110 000000000010011110011 111111111110011001010
000000000001000010111 111111111110111001100 111111111111011011000 111111111110111111110 111111111101001000111 111111111100011111100 111111111110011100100 000000000001110001100 000000000000111000000 000000000010000001110 111111111110100110010 000000000000011100110 111111111111010110000 111111111100000001000 111111111111010001010 111111111110011000010
111111111101101101000 111111111100110110101 000000000001101110100 111111111100011010100 111111111011101001010 111111111011110000000 111111111110011111010 111111111110110100100 000000000011011101100 000000000010010100011 111111111100001001101 000000000010010100000 111111111101000011111 111111111100000110110 000000000000111111110 111111111110110100110
111111111100110001100 111111111100100011100 000000000010110011111 111111111100001111100 111111111011101101011 111111111100001101011 111111111101100110001 111111111101100100011 000000000011101110110 000000000010001011001 111111111101000010100 000000000011001111000 111111111101101101000 111111111101111011001 000000000010001110001 111111111111001110000
111111111101111011000 111111111110110100111 000000000011101011001 111111111110101111010 111111111101010011111 111111111110011100110 111111111101111000011 111111111111110011110 000000000011011110111 000000000001001101000 111111111111011101100 000000000011011101110 111111111111111100100 000000000000010010111 000000000011011001110 000000000001010000111
111111111111100111110 000000000000000111101 000000000011101101110 111111111111100111000 111111111101101001111 111111111111001001011 111111111110010011111 000000000010000101000 000000000011100011000 000000000001111000110 000000000000010100111 000000000011010001100 111111111111101010101 111111111110101110011 000000000011111000000 000000000010100001000
000000000000010011110 111111111111111011011 000000000011110000101 111111111110011100010 111111111100101010110 111111111101111110001 111111111101101001110 000000000010001100100 000000000011101110100 000000000001110000110 111111111111100000010 000000000011000111011 111111111110011010100 111111111110100101110 000000000011111101101 000000000010101010111
000000000010010101001 000000000001001011010 000000000011110001110 111111111111101010010 111111111101100101001 111111111110101010000 111111111110001000100 000000000100110100001 000000000011111010101 000000000010000100011 000000000000100100010 000000000011001110011 111111111111011001100 000000000000010100100 000000000100001100111 000000000100111011001
000000000001111010001 000000000001001101011 000000000011110001110 000000000000000111010 111111111101111001001 111111111111010000110 111111111110010011100 000000000100011111100 000000000011111111101 000000000010101001111 000000000001011100100 000000000011011110010 000000000000011001101 000000000000000001100 000000000100001001000 000000000101001001010
000000000000011011111 000000000000100100011 000000000011101101000 111111111111110000010 111111111101111010011 111111111110111010000 111111111101111000011 000000000010111000001 000000000011110101010 000000000010100101110 000000000001111000001 000000000011100100010 111111111111110001011 111111111110100101001 000000000100000110000 000000000100101011001
000000000010000111110 000000000010010111001 000000000011110000111 000000000010011000010 000000000000000011101 111111111111110111000 111111111110001100101 000000000101101000100 000000000100100110010 000000000011101011111 000000000010110001001 000000000011110010011 000000000000101110100 000000000000101010111 000000000101001000011 000000000110011101001
000000000010101101000 000000000010111100011 000000000011110000101 000000000010101000001 111111111111110101111 000000000000011111010 111111111111110000001 000000000011111110000 000000000100001000101 000000000011010000011 000000000010100001100 000000000011110011100 000000000001100000100 000000000001110001010 000000000100011011101 000000000101000010001
000000000010011011111 000000000010011101101 000000000011101011010 000000000001111110100 111111111111010101010 000000000000011000001 000000000001001000111 000000000010101111000 000000000011101110110 000000000010001011101 000000000001111101110 000000000011110100100 000000000010000100100 000000000010111100110 000000000011111110010 000000000011111010000
000000000011010110110 000000000011011000010 000000000011101110101 000000000011001110001 000000000010010110110 000000000001101011010 000000000010010000111 000000000011111100110 000000000100010001010 000000000011100000101 000000000011010011110 000000000011111100100 000000000011000111011 000000000011100011110 000000000100101100001 000000000100010010110
000000000011001101111 000000000011100110100 000000000011011110101 000000000010111011110 000000000010000000111 000000000001010111111 000000000001100111101 000000000100100011110 000000000100010101001 000000000011011111110 000000000011010110000 000000000011110000000 000000000010111111100 000000000011100011111 000000000101010011000 000000000100110110001
000000000100100000001 000000000011111011100 000000000100010100011 000000000100011110110 000000000011001011010 000000000001110111011 000000000001011110010 000000000101011111100 000000000101000101000 000000000101011101110 000000000100110111111 000000000100100111101 000000000100000000110 000000000011101101000 000000000101000010101 000000000101011100000
000000000010101011001 000000000011011100000 000000000011101001110 000000000011111101110 000000000010110100010 000000000001101010001 000000000001111010101 000000000010001110011 000000000011111110111 000000000011110111111 000000000011010011111 000000000100000110011 000000000011110111000 000000000011011110111 000000000011110010100 000000000100001100100
111111111101000100001 111111111011001110111 000000000011010110110 111111111100111011100 111111111011001111110 111111111011001000101 111111111101001011100 111111111111101010110 000000000100000000000 000000000011001010111 111111111000010100000 000000000001101000100 111111111000110100011 111111110111110000010 000000000010110001001 111111111111101110111
111111111011100011010 111111111001100100000 111111111111010001010 111111111100010110011 111111111010110100010 111111111011000101111 000000000000101101101 111111111101111101010 000000000100000000000 000000000011011100100 111111110110100110100 000000000001101100001 111111110110110011001 111111110110001101110 111111111110011101000 000000000000110110111
111111111100011001111 111111111001101000011 111111111101101100000 111111111010110010000 111111111010100000100 111111111010101100101 000000000001100000011 111111111101101010000 000000000100000000000 000000000011010001000 111111110111111100111 000000000010100111100 111111111000100011010 111111110111010111010 111111111101001101000 000000000000001011011
000000000000000010110 111111111100111000101 111111111101111001100 111111111100110000000 111111111010000111100 111111111011000101110 000000000001011110111 000000000000111000101 000000000010000110010 000000000001111110101 111111111011011011011 000000000001010100011 111111111101000111101 111111111011010001110 111111111101100110101 111111111110101101010
000000000001101101110 111111111110010111000 111111111100111100000 111111111110001001011 111111111011010111101 111111111100111010101 000000000010001000111 000000000010011000100 111111111101011011100 000000000001000010011 111111111110001011010 111111111111010110111 111111111111100100111 111111111100111010001 111111111101001110010 111111111101000111110
000000000010100001111 111111111110000011010 111111111100010110011 111111111100101010000 111111111011110011100 111111111101000000011 000000000010100010111 000000000011001100011 111111111100010111111 000000000001001110101 111111111110000011001 111111111110000110110 000000000001001111010 111111111101000001101 111111111101010011111 111111111100010100101
000000000010110000100 111111111110010011111 111111111011100111010 111111111110000100111 111111111011001101000 111111111011011000110 000000000010100100000 000000000011000001001 111111111100010010101 000000000001110011010 111111111101000111011 111111111100101101101 000000000001100000111 111111111100010000101 111111111110011111010 111111111100100111011
000000000010011101000 111111111101111000111 111111111011110001001 111111111110011001110 111111111010110000011 111111111010111110101 000000000010000011011 000000000010101001110 111111111100101111100 000000000010000111100 111111111100111000101 111111111110110001111 000000000000111000111 111111111010110110010 111111111101011000111 111111111101000011110
000000000000001001111 111111111100101111001 111111111110111101010 111111111011101010110 111111111010101011101 111111111011001101001 000000000001001001001 000000000000100101001 000000000011000110101 000000000010001111101 111111111010111111000 000000000001101010000 111111111100110111000 111111111011101100011 111111111110010010111 111111111101100011111
111111111101110100100 111111111100001101011 000000000011101000110 111111111001001110101 111111111011011001100 111111111010111111011 111111111101000011001 111111111110101110100 000000000011111001111 000000000010101010000 111111111011000011100 000000000011010110001 111111111010110001111 111111111011101101101 000000000011011001010 111111111110100001101
111111111101101110100 111111111101000000101 000000000100000000000 111111111000101110110 111111111011110000111 111111111010101010110 111111111010011011110 111111111111000011100 000000000100000000000 000000000010101010111 111111111011010000011 000000000011101001010 111111111010011010010 111111111010110110100 000000000100000000000 111111111110000101110
111111111111101011010 111111111110110110001 000000000100000000000 111111111010000111110 111111111011110101100 111111111010101111100 111111111010110100010 000000000000011110110 000000000011111101000 000000000010010000010 111111111011111001000 000000000011100011101 111111111011000111001 111111111100011001000 000000000100000000000 111111111110100001001
111111111111100110101 111111111110110110111 000000000100000000000 111111111001011101011 111111111011110001010 111111111001101100011 111111111001100101000 000000000000011111110 000000000100000000000 000000000010010010010 111111111011111000111 000000000011110010000 111111111010111011100 111111111101001111011 000000000100000000000 111111111110000111010
000000000000100110110 111111111111011110000 000000000100000000000 111111111000110100111 111111111011101110000 111111111001011010010 111111111010011000101 000000000010010111111 000000000100000000000 000000000010010001000 111111111101001011011 000000000011110100011 111111111011011000110 111111111110000110111 000000000100000000000 000000000000011011110
111111111111111011110 111111111111100100111 000000000100000000000 111111111001111100110 111111111011010101011 111111111000110000101 111111111010011010101 000000000010001101010 000000000100000000000 000000000010110011101 111111111101010001000 000000000011100110001 111111111001100000011 111111111100000001111 000000000011111111110 000000000001010100011
000000000000101101010 000000000000000110101 000000000011110101011 111111111010101010010 111111111011010110000 111111111001010001010 111111111011010010100 000000000010000100000 000000000011111100001 000000000010011010100 111111111100100110110 000000000011010111011 111111111001000111000 111111111100010111000 000000000011100100000 000000000001011101000
111111111001111000010 111111111100000111110 000000000011101101110 111111111111010011001 111111111101100000110 111111111110101101111 111111111101110010011 111111111011110111000 000000000011100100111 000000000010001000001 111111111110001011110 000000000011010100101 000000000000011010100 111111111111101110001 000000000011010101011 000000000000011011110
111111111010011000011 111111111100100111111 000000000011100110111 111111111111011011010 111111111101101010111 111111111111100100000 111111111111000101111 111111111101100010011 000000000011011110000 000000000001110001000 111111111101100010110 000000000010101010000 000000000000100101011 000000000000110000100 000000000011001011000 111111111110111011101
111111111011000101101 111111111101011110111 000000000011100111001 111111111111001100100 111111111101010111010 111111111111111101101 000000000000000100101 111111111110001110010 000000000011011100001 000000000001000110100 111111111101001001010 000000000010011011100 000000000000001011000 000000000001011110101 000000000011100000111 111111111111101011100
111111111100101111010 111111111110001001011 000000000010111101011 111111111111011100001 111111111101011000011 111111111111001011001 111111111110111111100 111111111111000001101 000000000011001111111 000000000001101101101 111111111101100010000 000000000001111110000 111111111110110011001 111111111110101110011 000000000010100101111 000000000000101001101
111111111101010001001 111111111101111100100 000000000010110110010 111111111111101000010 111111111101101001000 111111111111001010100 111111111101101100101 111111111110101101101 000000000011001011001 000000000001101000111 111111111101011011110 000000000010010110000 111111111111010001111 111111111110110100010 000000000001111101110 111111111110101110001
111111111101101101111 111111111110001000111 000000000001011010001 000000000000010010100 111111111110111011100 000000000001000010100 111111111110101011000 111111111111110011001 000000000010011100011 000000000001001001111 111111111110100100110 000000000010010011000 000000000001001111001 000000000001000010111 111111111111100000110 111111111110011000110
111111111011111000101 111111111100110000000 000000000001110000000 111111111111011101100 111111111101110001101 111111111111101101010 111111111101110110110 111111111101010001010 000000000011000010010 000000000001000011110 111111111101001101101 000000000011000000000 000000000000101110010 111111111111110010101 000000000000011111100 111111111110001101100
111111111011110000011 111111111101110111111 000000000010100011101 111111111111100111110 111111111110001100010 000000000001011000100 111111111110110110101 111111111101110011001 000000000011000011000 000000000000010000101 111111111101100101111 000000000011010101010 000000000010001001010 000000000001110010001 000000000001100111000 111111111101110100000
111111111101111110100 111111111110000111000 000000000010000010001 000000000000000101001 111111111110110011011 000000000001001101101 111111111111000011101 000000000000010001011 000000000010011100011 000000000000110110101 111111111110001010100 000000000010101000000 000000000001101001101 000000000000101011010 000000000000010000010 111111111101000100110
111111111110010100011 111111111110101111101 000000000001110101000 000000000000100001010 111111111110101110111 000000000000100000010 111111111110100011001 111111111111101000010 000000000010010101111 000000000001010100001 111111111110010100100 000000000010101101001 000000000001010101110 000000000000011100011 000000000000010101101 111111111110000010100
111111111101111101100 111111111110111100101 000000000001000101100 000000000000011111011 111111111110111111100 000000000000101100011 111111111110111001000 000000000000101111110 000000000010000110010 000000000001011111111 111111111111000101101 000000000010011101110 000000000000110011010 000000000000100010010 000000000000001100111 111111111110100101110
111111111100101011111 111111111101001011110 000000000010000110011 111111111111110101101 111111111101001101011 111111111110000110001 111111111110110101011 111111111110011111001 000000000010110011010 000000000001111011111 111111111101010011100 000000000010011111110 111111111110011100011 111111111110010000110 000000000001010011010 111111111111001110111
111111111111000110111 111111111110110011010 000000000001110000101 000000000001000011010 111111111111010000010 000000000000100110011 111111111110110110110 000000000000111000001 000000000001111101001 000000000000111001101 111111111111010000001 000000000010110111110 000000000000010111100 000000000000101011110 000000000001011011111 111111111111011111111
000000000000011101110 111111111110111100011 000000000000110011001 111111111111001101101 111111111110100101000 111111111111010111011 111111111101110110010 000000000010111001100 000000000001001000100 000000000001101100011 111111111111011111010 000000000000101010010 111111111111110100000 111111111101110101010 111111111111110001110 111111111100111111100
000000000000000101100 111111111110001001110 000000000000010011000 111111111110000101011 111111111101110001100 111111111110001101000 111111111110010101111 000000000010100101001 000000000000010111011 000000000001111000010 111111111101111011100 000000000000101000110 111111111111110000101 111111111110000010010 111111111110101000001 111111111100011110101
111111111111011001111 111111111110011101011 000000000001011001001 111111111111111011000 111111111110010001001 000000000000010011010 111111111110001011000 000000000001101000011 000000000001100110011 000000000001000010011 111111111110000010000 000000000001110001010 000000000000001100111 111111111111111111100 111111111111101110000 111111111101001100100
000000000001101011101 000000000010001000010 000000000010100101110 000000000001101011011 000000000001100011011 000000000001001011001 000000000001000010010 000000000000110011101 000000000010011100100 000000000001101011100 000000000001011001111 000000000010001001011 000000000001001100110 000000000010101110111 000000000010011101000 000000000001011010000
000000000000100100111 000000000001001101101 000000000010101011111 000000000001011001100 000000000001000111100 000000000000011011000 111111111111111101111 111111111111111000101 000000000010000110011 000000000001100010001 000000000000101100001 000000000010011011001 000000000000100011001 000000000001111100110 000000000010010110111 000000000000110000111
111111111111100101001 000000000000010100101 000000000011000010111 000000000001110100100 000000000000010111110 000000000000010001110 111111111111100101010 111111111110011101110 000000000010000110000 000000000001111100100 000000000000101001110 000000000010010111011 000000000000011001000 000000000001010100110 000000000001110000100 000000000001000001100
111111111110000111100 111111111110110010010 000000000010101111010 000000000000011111000 111111111110011001110 111111111110000100000 111111111110100010010 111111111101001001101 000000000010101100001 000000000010011011010 111111111111110000011 000000000001011011010 111111111110101111101 000000000000001111011 000000000010010011000 000000000001100100101
111111111110110011011 111111111111011100010 000000000011001001100 000000000000001111001 111111111101101000101 111111111101011110100 111111111110010011111 111111111110001101110 000000000010111111011 000000000010011001100 111111111110110011100 000000000000110010010 111111111101100011001 111111111111101110110 000000000010100111011 000000000010001101101
111111111110110110101 111111111111101101101 000000000010010010000 000000000000000100000 111111111110000011100 111111111110010001110 111111111110110110100 111111111110111100101 000000000010101000111 000000000001111100100 111111111111001100100 000000000000111100101 111111111110000000001 000000000000000010110 000000000010000110000 000000000010001111011
000000000000110011111 000000000000111000000 000000000000101001101 000000000000010000110 000000000000010001111 111111111111111011101 000000000001000011011 000000000001000101101 000000000001010110101 000000000001100100101 000000000000101100100 000000000000001111100 000000000000001101101 000000000001110011110 000000000001010011111 111111111111101000100
000000000010001010010 000000000001100100111 111111111111111101011 000000000000101000110 000000000000101110111 000000000000001101000 000000000001011111101 000000000001101110001 000000000000111011001 000000000001111101010 000000000010010101110 000000000000101011111 000000000010000000110 000000000010011001011 000000000010000011101 000000000000100011110
000000000011011110111 000000000001101001100 111111111111111101111 000000000000111011000 000000000001010111000 000000000000001101110 000000000000010000101 000000000010110100100 111111111111100111110 000000000001110000110 000000000011001000011 111111111111111100100 000000000011010001001 000000000010100111101 000000000010100100011 111111111110001001100
000000000011111010000 000000000001110010111 000000000001001010100 111111111101100000101 000000000010101010100 000000000001101011000 111111111110010011110 000000000011101101111 000000000000001000011 000000000010000001001 000000000011101101111 000000000001001010110 000000000011111010010 000000000010011011111 000000000000100000001 111111111100010010111
000000000011111100001 000000000010100011010 000000000010101011101 111111111101100110000 000000000011101000000 000000000010001110000 111111111110000010110 000000000011101001001 000000000000100110011 000000000010111001110 000000000100010111011 000000000001011110011 000000000011111100111 000000000010001110110 111111111111010110011 111111111100001110100
000000000011111010010 000000000011011110100 000000000011110100011 000000000000011111101 000000000100001010011 000000000010100010000 000000000000001000100 000000000011010011100 000000000010001101001 000000000100010010011 000000000101011000100 000000000001111110100 000000000011111011001 000000000011010000111 000000000000110101010 111111111101001000110
000000000011111010000 000000000100010010010 000000000100111000011 000000000101000011111 000000000100110101011 000000000011011011100 000000000001001010011 000000000011010110011 000000000100011000011 000000000110000011000 000000000110110110101 000000000100100100111 000000000011111100110 000000000011110110010 000000000011111101101 000000000011000110100
000000000100010011111 000000000100110001101 000000000101101001111 000000000101111011101 000000000101100011101 000000000100001011000 000000000001101101100 000000000011110111101 000000000101101001010 000000000110100010000 000000000110011010110 000000000101011001011 000000000100100100011 000000000100010001001 000000000100110101000 000000000101010011010
000000000010010011100 000000000011011000111 000000000011001100110 000000000010101001000 000000000001100011100 000000000000100110011 111111111110101111100 000000000001010101011 000000000011110100111 000000000011011011011 000000000011001111000 000000000011100111010 000000000010100001000 000000000010111000101 000000000011000110101 000000000100000011000
000000000001000110101 000000000010100010010 000000000011100100110 000000000001010111011 111111111111010110001 111111111111100001001 111111111110000000100 000000000000110100010 000000000011100001011 000000000010110101001 000000000010101000001 000000000011110000010 000000000010001011101 000000000010101000100 000000000011101001010 000000000011101101111
000000000000101000100 111111111111010010100 000000000001001000111 111111111110001010011 111111111110010011000 111111111111100000000 000000000000000101100 000000000010111101101 000000000000110101110 111111111111100111010 111111111101110011001 111111111111001011110 000000000000000110001 000000000001101110100 000000000000001000010 111111111100101101110
000000000001010001110 111111111111011110000 000000000000100111101 111111111110100011111 111111111111011011101 000000000000000010000 111111111111011100011 000000000011001110011 111111111111110111101 111111111111011111110 111111111111011111110 111111111111010111010 000000000000001110101 000000000010000000100 111111111111011101110 111111111100011010111
000000000010000000000 111111111110010111101 111111111110010010110 111111111100111011101 111111111110101000010 111111111110101000101 111111111111100101111 000000000011101001011 111111111101010101110 000000000000110010110 111111111111001101011 111111111101001101001 000000000000110011001 111111111111001100111 111111111101001001010 111111111011111111100
000000000010000010010 111111111101111111101 111111111100110100011 111111111100010010001 111111111111110100101 111111111101110101101 000000000000010110110 000000000011110111000 111111111100001111100 000000000001011000111 111111111110010011011 111111111011101001110 000000000000010000000 111111111101100110011 111111111100110111100 111111111011111101111
