00000100100 00000011100 00001000011 00001001001 00000111010 00000110110 00000100111 00000100010 00000111100 00001001000 00001000110 00000110100 00001000111 00000011100 00001000010 00001000110
00000110010 00000100000 00001010010 00001010101 00001001111 00001001100 00000111111 00000110011 00001010001 00001011010 00001100000 00001010001 00001101011 00000100000 00001001101 00001010111
00001001001 00000010011 00001001100 00001000000 00000110001 00000101101 00000011110 00000100100 00001000010 00001000001 00001000010 00000111000 00000111011 00000100111 00001000001 00001000010
00000101111 00000011010 00000110101 00000111010 00000101101 00000100100 00000011100 00000010110 00000110001 00000110101 00000110111 00000110100 00000101101 00000100001 00000110010 00000110110
00000011101 00000011011 00000100111 00000110001 00000101001 00000100100 00000011101 00000010010 00000100001 00000111100 00000100110 00000101011 00000100100 00000011100 00000100010 00000101000
00000010011 00000011010 00000100011 00000101100 00000100100 00000011011 00000011000 00000001011 00000011101 00000110101 00000100101 00000101000 00000011110 00000011101 00000100000 00000100111
00000011001 00000011110 00000101100 00000110101 00000101101 00000100010 00000011100 00000010011 00000100000 00000101011 00000101011 00000110010 00000101100 00000100000 00000010000 00000110110
00000011000 00000011010 00000101010 00000110101 00000101101 00000100111 00000110011 00000010100 00000011100 00000100101 00000101001 00000110101 00000101010 00000011110 00000010011 00000100000
00000010110 00000011001 00000100111 00000101111 00000101000 00000100100 00000101110 00000010110 00000010101 00000011101 00000100011 00000110000 00000100110 00000011111 00000001101 00000011000
00000010001 00000010011 00000011101 00000100010 00000011100 00000010101 00000010000 00000000111 00000010000 00000011001 00000010101 00000100010 00000011100 00000011010 00000010100 00000011010
00000000100 00000001010 00000011111 00000010001 00000001010 11111111101 11111110111 11111111110 00000010100 00000001101 00000010110 00000011101 00000001101 00000001110 00000011110 00000011111
00000011011 00000001101 00000011100 00000010001 00000001100 11111111011 11111110001 00000001001 00000010101 00000001111 00000010001 00000011100 00000001010 00000001110 00000100000 00000100101
00000010101 00000001101 00000011001 00000010010 00000000111 11111110110 11111110001 00000001010 00000010001 00000001101 00000001110 00000011011 11111111111 00000010010 00000011111 00000011110
00000010001 00000000110 00000001101 00000001110 11111111101 11111101101 11111110101 00000000110 00000000110 00000000101 00000001000 00000001110 11111111111 00000000001 00000001110 00000000110
00000010011 00000001011 00000001110 00000001110 11111111111 11111101010 11111101101 00000000100 00000001001 00000001110 00000010000 00000011100 00000000011 00000010110 00000010001 00000010111
00000011001 00000011000 00000011100 00000100000 00000010111 00000000101 11111111011 00000001111 00000011011 00000101001 00000011111 00000100001 00000010101 00000011111 00000100110 00000101100
00000000101 00000000110 00000000100 11111101100 11111110000 11111101011 11111111111 00000001110 00000010001 00000000101 11111101100 11111111101 11111100011 11111110001 00000001011 00000001001
00000010100 00000001101 00000000101 00000000101 00000000000 11111110111 11111111111 00000011001 00000010010 00000000101 00000000001 00000000111 11111111000 00000010100 00000010110 00000010011
00000101100 00000001101 00000001110 00000001011 00000000011 11111110011 11111111101 00000011101 00000010110 00000001111 00000000011 00000010101 00000000010 00000101100 00000011000 00000010110
00000111001 00000100000 00000011110 00000011100 00000011000 00000010110 00000010000 00000101011 00000101010 00000100101 00000010110 00000011110 00000100110 00000100000 00000101101 00000101111
00000010111 00000011101 00000011101 00000001001 00000001010 00000010000 00000010101 00000010000 00000010101 00000010111 00000000010 00000011010 00000100100 00000100000 00000011010 00000010111
00000000110 00000010001 00000100111 00000000010 00000000110 00000001111 00000010110 00000010010 00000010001 00000001011 00000001101 00000011101 00000011111 00000100000 00000011111 00000010011
00000100110 00000010111 00000011110 00000010001 00000010000 00000000111 00000010100 00000101111 00000011101 00000100101 00000010101 00000011100 00000011001 00000100000 00000100101 00000100100
00000001001 00000001111 00000101101 00000000111 11111111100 11111110111 00000000011 00000011010 00000011000 00000001010 00000010010 00000100100 00000001000 00000010001 00000011111 00000011000
00000001001 00000001110 00000101000 00000001010 11111111100 11111110111 11111110101 00000101010 00000011100 00000010101 00000010010 00000100010 00000001011 00000011010 00000011110 00000100111
00000001010 00000010010 00000011011 00000010110 00000001001 00000000101 00000000011 00000011101 00000011001 00000010111 00000001011 00000011010 00000010001 00000010100 00000011010 00000011100
11111110101 00000000110 00000011001 00000001001 00000000000 11111111101 00000000001 00000000100 00000001111 00000000111 00000001001 00000011000 00000000111 00000001010 00000001101 00000000110
00000001000 00000001000 00000010001 00000000001 11111111001 11111110101 11111111111 00000010001 00000010001 00000001000 00000001010 00000010011 11111111100 00000000101 00000010000 00000010001
00000001010 00000001000 00000001000 11111110100 11111110001 11111101011 11111111101 00000010000 00000010000 00000001000 00000000100 00000010110 11111110010 11111111010 00000001110 00000001110
00000010110 00000010010 00000001110 00000001111 00000001010 11111111011 00000001111 00000011010 00000011111 00000011000 00000010010 00000001001 00000000111 00000010001 00000100001 00000000111
00000011001 00000011011 00000001110 00000010001 00000001110 11111111111 00000001100 00000011101 00000100000 00000010011 00000010000 11111111111 00000001100 11111111101 00000011110 11111110101
00000010110 00000010010 11111111110 00000001100 00000001000 11111111001 00000001010 00000011111 00000001101 00000001101 00000001001 11111111010 00000001100 11111110100 00000010110 11111110001
00000000011 11111110110 11111111010 11111101111 11111101001 11111100110 11111110100 00000001001 00000001001 00000001111 11111110100 00000000010 11111011110 11111010110 11111111100 11111110111
11111011111 11111100100 00000001000 11111001001 11111011101 11111100001 11111011010 11111110111 00000011110 11111011111 11111100001 00000011110 11111011011 11111011010 00000001100 11111110101
11111001111 11111100000 00000001110 11111011101 11111011101 11111100101 11111100101 11111101110 00000100000 11111011111 11111101001 00000101100 11111011110 11111101000 00000001010 11111101111
11111101101 11111110111 00000100000 11111110100 11111101000 11111110001 11111100111 00000000100 00000101000 00000000100 11111111111 00000100100 11111111111 11111111101 00000100001 00000000001
11111111100 00000000011 00000100000 11111111100 11111101100 11111110110 11111101111 00000011111 00000100010 00000001001 00000001101 00000100001 11111111101 11111110001 00000100011 00000010011
00000000010 00000000001 00000100000 11111110010 11111100100 11111101110 11111010111 00000100001 00000100111 00000000111 00000000111 00000100111 11111110011 11111101110 00000100000 00000010101
00000010011 00000001010 00000100000 11111111101 11111101111 11111110010 11111101110 00001000100 00000100000 00000001110 00000010011 00000100100 11111111011 11111111111 00000011010 00000101000
00000001111 00000001101 00000100000 00000000001 11111110001 11111110101 11111110000 00000101001 00000100000 00000010011 00000011101 00000100100 00000000011 11111111011 00000011011 00000101010
00000000011 00000000110 00000100000 11111111101 11111110010 11111110011 11111101011 00000011011 00000100000 00000010000 00000100011 00000100101 11111111110 11111101110 00000011110 00000100110
00000010001 00000001110 00000100001 00000010011 00000000010 11111111011 11111101111 00000110010 00000100100 00000100010 00000100111 00000100001 00000000110 00000000101 00000100100 00000110100
00000010110 00000010010 00000100001 00000010101 00000000001 11111111111 11111111100 00000110101 00000100000 00000100010 00000101000 00000011111 00000001101 00000010010 00000100001 00000101001
00000010100 00000001110 00000100100 00000001111 11111111110 11111111110 00000001000 00000100011 00000011110 00000011001 00000100001 00000011111 00000010010 00000011010 00000100000 00000011110
00000100001 00000010110 00000011110 00000011010 00000010000 00000001101 00000010010 00000100010 00000100001 00000110001 00000011110 00000011111 00000100001 00000011111 00000100110 00000101001
00000011011 00000011001 00000011100 00000010111 00000001110 00000011100 00000001111 00000101101 00000100001 00000110010 00000011111 00000011110 00000011011 00000100010 00000101010 00000101000
00000101001 00000010111 00000100010 00000100100 00000011000 00000001110 00000010000 00000110111 00000101010 00000110001 00000100101 00000100100 00000100101 00000100010 00000101011 00000101101
00000010101 00000011001 00000011110 00000100000 00000010100 00000001100 00000001111 00000011001 00000100000 00000110100 00000100110 00000100000 00000100001 00000011110 00000011110 00000100010
11111100101 11111011000 00000001111 11111100010 11111100101 11111100010 11111011111 11111100101 00000100000 00000100000 11110111101 00000100100 11110110111 11110010100 00000001111 11111100000
11111010101 11111001010 11111110011 11111011100 11111101101 11111110101 00000001110 00000000100 11111100000 00000100000 11110101001 00000000111 11110101001 11110101011 11111110101 11111100001
11111011111 11110110010 11111101010 11111001000 11111100001 11111100011 00000011110 11111110010 00000100000 00000100000 11110110110 00000010001 11110111110 11110011000 11111101011 11111011101
11111111001 11111100001 11111110001 11111001101 11111010010 11111011100 00000011011 00000010111 00000001000 00000100100 11111010111 00000010011 11111101001 11111001011 11111101100 00000000011
00000000100 11111110000 11111101011 11111101110 11111011011 11111100101 00000010001 11111100101 11111110011 00000000100 11111101001 11111111010 11111111110 11111011111 11111101100 11111110110
00000101011 11111101110 11111100010 11111101010 11111011011 11111101000 00000011010 00000011111 11111100001 00000001001 11111100101 11111101101 00000010100 11111011111 11111101100 11111011111
00000010011 11111101100 11111011100 11111110111 11111010110 11111011100 00000001101 00000010111 11111100000 00000010001 11111011100 11111100101 00000011101 11111011100 11111111011 11111101100
00000001111 11111101100 11111011110 11111110000 11111101110 11111011011 00000100000 11111100001 11111101100 00000011011 11111100001 11111110100 00000010000 11111000110 11111101011 11111111000
11111111010 11111011111 11111111010 11111001011 11111010110 11111011011 11111011111 00000000001 00000010010 11111100001 11111010110 00000011000 11111100011 11111001101 11111111011 11111111000
11111101111 11111010000 00000010111 11111000011 11111100001 11111011000 11111011101 11111111011 00000100000 00000101010 11111010110 00000100000 11111010101 11111010000 00000010100 11111101101
11111101110 11111011100 00000100000 11111000011 11111100000 11111010100 11111001101 11111111010 11111100000 00000101101 11111010111 00000100000 11111010011 11111000101 00000100000 11111011000
11111111101 11111110100 00000100000 11111001111 11111100000 11111010110 11111010010 00000010010 00000100000 00000011100 11111011110 00000100000 11111011001 11111010110 00000100000 11111110000
11111111101 11111110100 00000100000 11111001010 11111100000 11111001101 11111001000 00000000110 11111100000 00000011100 11111011110 00000100000 11111010111 11111010101 00000100000 11111101101
00000000101 11111110111 00000100000 11111000110 11111100000 11111001010 11111001111 00000010101 00000100000 00000010100 11111101010 00000100000 11111011011 11111101011 00000100000 00000000010
00000000001 11111110100 00000100000 11111001011 11111100110 11111000011 11110110001 00000010100 11111100000 00000011111 11111101011 00000100000 11111001011 11111010000 00000100000 00000000011
00000000111 11111111100 00000100000 11111001111 11111100001 11111000111 11111000101 00000100100 00000100000 00000010101 11111100101 00000100000 11111000111 11111011110 00000011001 00000001000
11111001010 11111010110 00000100000 11111111000 11111101010 11111110110 11111101000 11111011101 00000100000 00000010101 11111110000 00000100010 00000000011 11111110111 00000011101 00000000011
11111001110 11111011111 00000011111 11111110011 11111101011 11111111011 11111111000 11111101101 00000110011 00000010010 11111101011 00000010101 00000000101 00000000101 00000011011 11111111101
11111010101 11111101000 00000100000 11111101101 11111101000 11111111110 11111111011 11111110010 00000101110 00000001010 11111101001 00000010101 00000000010 00000001010 00000110101 11111111101
11111010110 11111110001 00000101000 11111110001 11111101001 11111111001 11111111001 11111110110 00000100101 00000001111 11111101010 00000010010 11111110000 11111110001 00000011010 00000000011
11111011111 11111101110 00000011110 11111111000 11111101101 11111111000 11111111101 11111110100 00000100111 00000001100 11111101010 00000001101 11111110110 11111101111 00000010001 11111111110
11111101000 11111110000 00000000101 11111111110 11111111000 00000000100 11111110111 11111111001 00000010010 00000000101 11111110111 00000001111 00000001011 00000000101 11111111000 11111111010
11111010001 11111100100 00000010000 11111110010 11111101101 11111111100 11111110000 11111101011 00000101011 00000001001 11111100111 00000011011 00000000101 11111111010 00000000100 11111110110
11111010010 11111101111 00000011001 11111111011 11111110000 00000001000 11111111000 11111110010 00000100111 11111111110 11111101001 00000011101 00000011010 00000001001 00000001011 11111101110
11111101011 11111110010 00000001101 11111111111 11111110111 00000000110 11111111001 11111111110 00000010111 00000000011 11111110010 00000010010 00000001000 00000000001 11111111111 11111101110
11111101110 11111111000 00000001001 00000000001 11111110111 00000000001 11111110110 11111111010 00000010010 00000000111 11111110100 00000010010 00000000011 00000000000 11111111110 11111110111
11111101000 11111111001 00000000010 00000000001 11111111011 00000000011 11111111000 11111111111 00000001100 00000001000 11111111011 00000010000 00000000101 00000000001 11111111100 11111111011
11111011101 11111100110 00000010001 11111110111 11111100111 11111110011 11111110100 11111110011 00000100100 00000010011 11111101011 00000010010 11111110010 11111101011 00000000110 11111111111
11111110011 11111111001 00000001011 00000000110 11111111100 00000000001 11111110101 00000000001 00000001010 00000000010 11111111100 00000010100 00000000011 00000000000 00000000110 00000000001
11111111101 11111111011 00000000000 11111111100 11111110111 11111111010 11111110000 00000001111 00000000101 00000001111 11111111100 11111111101 11111111010 11111101001 11111111001 11111101000
00000000100 11111110001 11111111110 11111110011 11111110000 11111110011 11111110100 11111011100 00000000100 00000010010 11111110011 11111111101 11111100101 11111101001 11111110101 11111100011
11111100111 11111110110 00000000100 11111111101 11111110100 00000000000 11111110011 00000000101 00000001011 00000000011 11111110100 00000000111 11111110010 11111111011 11111111001 11111110001
00000010010 00000001110 00000010111 00000001100 00000001010 00000000101 00000000101 00000000011 00000010010 00000001011 00000010000 00000010010 00000010000 00000010101 00000010011 00000001011
00000000111 00000000110 00000011001 00000001010 00000000111 11111111111 11111111010 11111111101 00000010000 00000001001 00000001010 00000010110 00000001001 00000001101 00000010011 00000000100
11111110111 11111111111 00000011110 00000000111 00000000100 11111111111 11111111000 11111110000 00000010100 00000001101 00000001011 00000010101 00000000100 00000000110 00000010001 00000000110
11111100111 11111101101 00000011101 11111111101 11111110101 11111110000 11111101101 11111100011 00000011110 00000010110 00000000110 00000001010 11111110010 11111111010 00000001111 00000001100
11111100100 11111110101 00000101000 11111111101 11111101011 11111101011 11111101011 11111101100 00000100101 00000011001 11111111011 00000000100 11111011000 11111110011 00000010111 00000010010
11111110100 11111111000 00000010101 11111111010 11111110010 11111110000 11111101111 11111110100 00000011100 00000001111 11111111111 00000000110 11111101111 11111111001 00000001101 00000010000
00000000010 00000000011 00000000001 11111111110 00000000001 11111111100 00000000101 00000000010 00000000110 00000001000 00000000100 11111111101 11111111111 00000001100 00000001000 11111111111
00000001111 00000001001 11111111111 00000000001 00000000100 11111111101 00000001001 00000000110 00000000110 00000001100 00000010001 00000000001 00000001101 00000010001 00000011010 00000000101
00000100001 00000001010 00000000001 00000000101 00000000100 11111111110 00000000100 11111100110 00000000001 00000001011 00000011000 11111111111 00000100000 00000010011 00000010110 11111101110
00000100000 00000001100 00000001001 11111100011 00000010101 00000001010 11111111000 00000100000 00000001111 00000001110 00000011110 00000000101 00000100000 00000010001 00000000100 11111100000
00000100000 00000010010 00000010101 11111100001 00000011101 00000010001 11111111000 00000101011 00000010111 00000010110 00000100011 00000001111 00000100000 00000010000 11111111011 11111100000
00000100000 00000011100 00000011111 00000001001 00000100001 00000010100 00000000010 00000100001 00000010101 00000101001 00000101100 00000100011 00000100000 00000011010 00000000111 11111011001
00000100001 00000100001 00000100111 00000110110 00000100111 00000011011 00000000100 00000011000 00000100111 00000110101 00000111011 00000100110 00000100000 00000011111 00000100000 00000011110
00000100010 00000100101 00000101111 00000110001 00000110001 00000100010 00000010000 00000100000 00000110000 00000111001 00000110110 00000101101 00000100100 00000100001 00000101000 00000111110
00000010010 00000011010 00000011011 00000010101 00000001101 00000000011 11111110001 00000010010 00000011110 00000100100 00000011110 00000011110 00000010100 00000010111 00000010110 00000100001
00000001001 00000010000 00000100100 00000001011 11111111110 11111110011 11111101110 00000001001 00000011101 00000011001 00000100001 00000100010 00000010010 00000010101 00000011111 00000011110
00000000000 11111111011 00000000100 11111110100 11111110101 11111110111 11111111101 00000010101 00000000011 11111111000 11111110000 11111110010 11111111101 00000001000 11111111100 11111100000
00000000100 11111111101 11111111111 11111110110 11111111011 11111111011 11111111010 00000101001 11111111101 11111110111 11111111010 11111110100 11111111111 00000001001 11111110111 11111011111
00000001011 11111110101 11111101111 11111100011 11111110111 11111110101 11111111010 00000100000 11111110001 00000001000 11111110111 11111100011 00000000110 11111110101 11111100110 11111100000
00000001111 11111110010 11111100101 11111011101 00000001010 11111110010 00000000001 00000100000 11111100010 11111011111 11111110000 11111010110 00000010110 11111101001 11111100101 11111100000
